333.68909512761,-0,599.4,-0,85.6376658256694
333.68909512761,-0,599.4,-0,85.6376658256694
333.68909512761,-0,599.4,-0,85.6376658256694
333.68909512761,-0,599.4,-0,85.6376658256694
333.68909512761,-0,599.4,-0,85.6376658256694
333.68909512761,-0,599.4,-0,85.6376658256694
333.68909512761,-0,599.4,-0,85.6376658256694
333.68909512761,-0,599.4,-0,85.6376658256694
333.68909512761,-0,599.4,-0,85.6376658256694
333.68909512761,-0,599.4,-0,85.6376658256694
333.68909512761,-0,599.4,-0,85.6376658256694
333.68909512761,-0,599.4,-0,85.6376658256694
333.68909512761,-0,599.4,-0,85.6376658256694
333.68909512761,-0,599.4,-0,85.6376658256694
333.68909512761,-0,599.4,-0,85.6376658256694
333.68909512761,-0,599.4,-0,85.6376658256694
333.68909512761,-0,599.4,-0,85.6376658256694
333.68909512761,-0,599.4,-0,85.6376658256694
333.68909512761,-0,599.4,-0,85.6376658256694
333.68909512761,-0,599.4,-0,85.6376658256694
333.68909512761,-0,599.4,-0,85.6376658256694
333.68909512761,-0,599.4,-0,85.6376658256694
333.68909512761,-0,599.4,-0,85.6376658256694
333.68909512761,-0,599.4,-0,85.6376658256694
333.68909512761,-0,599.4,-0,85.6376658256694
333.68909512761,-0,599.4,-0,85.6376658256694
333.68909512761,-0,599.4,-0,85.6376658256694
333.68909512761,-0,599.4,-0,85.6376658256694
333.68909512761,-0,599.4,-0,85.6376658256694
333.68909512761,-0,599.4,-0,85.6376658256694
333.68909512761,-0,599.4,-0,85.6376658256694
333.68909512761,-0,599.4,-0,85.6376658256694
333.68909512761,-0,599.4,-0,85.6376658256694
333.68909512761,-0,599.4,-0,85.6376658256694
333.68909512761,-0,599.4,-0,85.6376658256694
333.68909512761,-0,599.4,-0,85.6376658256694
333.68909512761,-0,599.4,-0,85.6376658256694
333.68909512761,-0,599.4,-0,85.6376658256694
333.68909512761,-0,599.4,-0,85.6376658256694
333.68909512761,-0,599.4,-0,85.6376658256694
333.68909512761,-0,599.4,-0,85.6376658256694
333.632599592211,5.63231151472866,599.187929239596,7.31756697828793,85.6368803470423
333.613153785475,7.55072435377167,598.866851511401,9.81460969632908,85.6356879943892
333.688661029012,-0,598.279474378149,17.6405763388429,85.6344560091897
333.688661029012,-0,597.559763408492,21.3113784599625,85.6329451653988
333.688661029012,-0,596.758399072603,23.1085163641284,85.6312624099685
333.688661029012,-0,595.843364611651,26.3645374905044,85.6293412266831
333.688661029012,-0,594.708498915673,32.6626693666441,85.6269589865321
333.688661029012,-0,593.432890303138,36.2402209313493,85.6242805401299
333.688661029012,-0,592.055018784995,38.8815242912877,85.6213871001831
333.688661029012,-0,590.549527519607,42.6665720143168,85.6182258641649
333.688661029012,-0,589.012498711758,42.9251880416281,85.6149976153031
333.688661029012,-0,587.36522694911,46.0747832638389,85.6115384507043
333.688661029012,-0,586.91717224503,10.6977589825986,85.6105896240322
333.688661029012,-0,586.520524504789,10.8023170980414,85.6097565460376
333.471942267692,21.5894644321642,586.331622366681,5.26233150037258,85.6077255964307
333.467394151667,21.9588747109138,586.135206642555,5.3540934826562,85.6056209191119
333.686982898776,-0,584.283809068528,52.8761659176098,85.6017427421974
333.686982898776,-0,582.265676101444,56.0768989643911,85.5975046487662
333.686982898776,-0,581.295435994409,25.0915331421763,85.5954600100135
333.686982898776,-0,580.356738115568,25.6207472499843,85.5934885275769
333.686982898776,-0,579.608055678473,20.1474164530774,85.591914829485
333.686982898776,-0,578.856417104004,20.4665439123281,85.5903361918793
333.686982898776,-0,578.525863987628,8.47968336891068,85.589639286186
333.686982898776,-0,578.211088703397,8.53810989708851,85.5889781592718
333.686957278647,-0,578.254621442223,-1.14177553074922,85.5890167089069
333.686957278647,-0,578.296170500009,-1.09365482612027,85.5891039872076
333.686957278647,-0,578.463741243222,-4.60288941631624,85.5894551761378
333.686957278647,-0,578.632747988198,-4.52789572584148,85.5898101666682
333.686957278647,-0,578.798890446844,-4.46230829102949,85.5901591391202
333.686957278647,-0,578.962587477837,-4.39864479241444,85.5905029748853
333.686957278647,-0,579.064280296969,-2.67063243673842,85.5907169445621
333.686957278647,-0,579.162793348756,-2.65614279557196,85.5909238600797
333.686957278647,-0,579.319110090671,-4.26519164072141,85.5912518280441
333.686957278647,-0,579.475995434667,-4.21587580352442,85.5915813537067
333.686957278647,-0,580.726559972064,-33.2403520730995,85.5942016219513
333.686957278647,-0,581.90980100717,-30.8996213879885,85.5966873606842
333.686957278647,-0,582.728494490163,-21.0975113428588,85.5984090554551
333.686957278647,-0,583.482879375665,-19.6851403251934,85.5999938407474
333.634556417891,5.21775432641957,583.473964461202,1.27866178954884,85.5995372360761
333.63497641306,5.15533146774191,583.426750417085,1.26346830972241,85.5990334082258
333.585519474259,10.0623621866635,583.337245052309,2.46609212046852,85.5980796347431
333.58481635895,10.0931639734956,583.245895044513,2.47402323829124,85.5971049639898
333.583916712512,10.1434383803053,583.154114542501,2.48673100504407,85.5961258267509
333.582769474692,10.2182048030813,583.061702936526,2.5054488474566,85.5951400858083
333.545361488523,13.9054351124854,582.937713270761,3.40987677046771,85.5938185697458
333.543193979572,14.0673409895042,582.810837905687,3.45030752390801,85.5924655333653
333.424638044553,25.8244538880141,582.582740755268,6.33417923145903,85.5900360934412
333.416004152968,26.5852312100462,582.345290887959,6.52327906632215,85.587504659322
333.681856465069,-0,580.967161308028,38.7946278726318,85.584617170808
333.681856465069,-0,579.492700684293,40.7497268259755,85.5815207091059
333.681856465069,-0,577.9406563303,42.8249123356347,85.5782613203756
333.681856465069,-0,576.308188869943,45.0108271481939,85.5748330388698
333.681856465069,-0,574.894359580005,38.5478182768474,85.5718620796322
333.681856465069,-0,573.440289172445,40.0101720166926,85.5688083366289
333.681856465069,-0,572.998457906347,10.7896709972151,85.5678739305916
333.681856465069,-0,572.59861247322,10.8488692559638,85.5670341263674
333.648575572996,3.31354399345806,572.565426655082,0.827522192198611,85.5666740935489
333.648136590633,3.34439106176881,572.534684122851,0.835269658283571,85.5663509882722
333.623536913264,5.78211642208283,572.48222952729,1.44412209850043,85.5658003418876
333.623406282875,5.77252844650595,572.428871891637,1.44186126438617,85.5652395741551
333.681123663202,-0,573.041370958859,-16.9241369170861,85.5665063571181
333.681123663202,-0,573.658861928375,-16.3656931066956,85.5678034295042
333.681123663202,-0,574.793188201311,-30.0575867474437,85.5701829163253
333.681123663202,-0,575.87523773346,-28.3788006038621,85.5724559719529
333.681123663202,-0,576.707887410217,-21.7196940450622,85.5742062908874
333.681123663202,-0,577.490176925513,-20.5886554025767,85.5758496241432
333.681123663202,-0,577.972263664832,-12.5142431468111,85.5768639467626
333.681123663202,-0,578.426057269008,-12.0008209339341,85.5778171867668
333.625046288342,5.5852752242481,578.397746815617,1.38069853035084,85.5773157033555
333.625601917478,5.5079029963806,578.346899937108,1.36169456789255,85.5767768868461
333.252094187386,42.700452551619,577.977325286814,10.5514453918247,85.5728685652546
333.235460147494,44.1938001965841,577.5808849533,10.9274021187601,85.5686677246878
333.67739814946,-0,576.057862538976,42.3416665471444,85.5654757220107
333.67739814946,-0,574.449653354275,44.5676010015017,85.5620984002562
333.67739814946,-0,572.96709343239,40.6810523851557,85.5589836469531
333.67739814946,-0,571.430477401162,42.4081413025839,85.5557565868858
333.67739814946,-0,569.977360688806,39.790346136155,85.552703952812
333.67739814946,-0,568.478399014661,41.360228196292,85.5495559457951
333.67739814946,-0,567.40302509562,28.8266369101112,85.5472945324809
333.67739814946,-0,566.325018189626,29.429502177311,85.5450304678279
333.67739814946,-0,565.704312057425,16.2448031075556,85.5437238754035
333.67739814946,-0,565.099504862429,16.4179883615385,85.5424536037789
333.507149768961,16.9580304200539,564.941405730237,4.29040158030717,85.5407957062257
333.504844409414,17.1216895614769,564.781833203086,4.33300123954568,85.5391360471653
333.557576559838,11.8013070194426,564.669391564178,2.98763953874874,85.5379654444782
333.556409420613,11.8715632881899,564.558480724373,3.00600557895542,85.5368124318379
333.675094398816,-0,564.597958085714,-1.03789299307951,85.5368337530254
333.675094398816,-0,564.63590572335,-1.00088113485993,85.5369134646322
333.609516001273,6.53332090714011,564.578264171081,1.65451438001945,85.5363074062068
333.609455129541,6.51378489050799,564.51707885783,1.64974517195687,85.535671456396
333.529888222059,14.4151859616276,564.384853834322,3.65090413174906,85.5342992449657
333.52902788152,14.4445762112999,564.249575523812,3.65921853038005,85.5328933930382
333.555183852945,11.7823070758231,564.138153121113,2.98561693401785,85.5317349895872
333.554367801002,11.8175768923012,564.027443420354,2.99513466327373,85.5305849161198
333.607059650746,6.52177975101588,563.96398156873,1.65337844593805,85.5299243560893
333.60675380756,6.52675782463813,563.90277637413,1.65481854098112,85.5292887548689
333.60649500003,6.52701947871945,563.841534627091,1.65506334244766,85.528652827405
333.606316321132,6.51928756314778,563.780333247492,1.65328132343331,85.5280173716437
333.579784452806,9.13704219356613,563.695552615308,2.31730090288054,85.5271378510138
333.579540919161,9.12556508586031,563.609877995107,2.31474141296722,85.5262484307781
333.443394565847,22.6536324461973,563.402559995498,5.74594033894814,85.5240996679059
333.440782818115,22.8255376270223,563.189067474739,5.79169188814409,85.5218837651065
333.437999878678,23.0138232911594,562.973735683073,5.84165138119021,85.519649439821
333.434864950369,23.2364617558832,562.75630537614,5.90038712096243,85.5173940238899
333.544823333899,12.1910541840275,562.637907289415,3.0973332531594,85.5161633811905
333.543457285375,12.2796185908423,562.522848995228,3.12046124830829,85.5149706576181
333.651949103552,1.42239708235501,562.509390720198,0.361582890729272,85.5147826244665
333.651565661204,1.45511371525026,562.49590581457,0.369908014076647,85.5146428941425
333.66611478817,-0,562.605368973873,-3.05699785712877,85.5148680750427
333.66611478817,-0,562.717795612615,-3.0162140136963,85.5151042197891
333.545109700658,12.054983868834,562.611905282691,3.06290671868862,85.5139819028179
333.544769749171,12.0416420387783,562.498534138489,3.06012963943748,85.5128066849401
333.461598171773,20.2806591936147,562.311169727058,5.15431608742298,85.5108667564205
333.459690665728,20.3915810765381,562.119921995743,5.18424524119256,85.5088848522612
333.399782621872,26.2806781209879,561.876062845895,6.68314321624547,85.50635975136
333.39621240207,26.5341122925067,561.627753460516,6.750501570942,85.5037878530741
333.564612517722,9.65342477563603,561.530633069956,2.45759372825343,85.5027778254271
333.563944035025,9.68235163074341,561.439649163213,2.46535057406183,85.501836161731
333.645769180493,1.49242201181913,561.42481329451,0.380109446969187,85.5016577812778
333.645392791836,1.52415007764862,561.410625935359,0.388199731270676,85.5015109953218
333.450461360694,20.9385448925541,561.221186453373,5.33167839577156,85.4995555934056
333.448483051382,21.0539054903738,561.02326891159,5.36291242272,85.4975076949966
333.387140455836,27.0834198337825,560.771690816641,6.90057932364604,85.4949066476611
333.383635466655,27.327143997271,560.515294894858,6.96578882801979,85.4922550839175
333.656906906628,-0,559.466789038274,28.7382815229711,85.4900576212746
333.656906906628,-0,558.398585326622,29.0524257429763,85.4878140835326
333.656906906628,-0,557.030885843223,37.7261163153684,85.4849433304695
333.656906906628,-0,555.619721329557,38.5202793642518,85.4819795586235
333.656906906628,-0,554.56152341231,28.3247607108575,85.4797547333947
333.656906906628,-0,553.505709046255,28.704193301584,85.4775372319798
333.656906906628,-0,552.630571157398,23.5365736533539,85.4756979995941
333.656906906628,-0,551.753528334689,23.8210842200524,85.4738559610116
333.442870929086,21.3190657171719,551.549120332332,5.52364077662275,85.4717498115609
333.440517104709,21.4703938396362,551.343897864138,5.56487998281179,85.4696554814628
333.438068160378,21.6305882231202,551.137029988818,5.60846334562736,85.4675449758041
333.435701667523,21.7819243835649,550.928595276922,5.64979866464128,85.4654191061436
333.433394781143,21.9267192261829,550.71867122653,5.68948380822295,85.463278677822
333.431119197289,22.0678214212788,550.507300886375,5.72825577064523,85.4611241442088
333.528905544999,12.239407456089,550.385803081825,3.17868885673976,85.4598835121773
333.527884030296,12.2933715991751,550.267904352421,3.19337806348462,85.4586825157588
333.592464005252,5.81151172275612,550.209679041982,1.51007828340514,85.4580877506314
333.592131220993,5.82194823695931,550.15376857564,1.51294235912709,85.4575184106915
333.559376341767,9.06242646490726,550.0679855372,2.35517470014135,85.4566457901573
333.559319713141,9.03257997651346,549.981056103154,2.34778874548802,85.4557607005532
333.559191411319,9.00998142176873,549.894311425847,2.34228337494673,85.454877604437
333.559069148504,8.98686860745015,549.807773895295,2.336641723294,85.4539967269031
333.493564104834,15.4777515060368,549.661596785889,4.02458226656708,85.4525105986275
333.493185372816,15.4549179577436,549.512903685447,4.01972786604497,85.4509973746661
333.392131885634,25.4623470287257,549.272782754291,6.62346224133188,85.4485566004611
333.389985222923,25.5768356488633,549.027304955435,6.65617549182105,85.4460594249577
333.645678438045,-0,549.056044966286,-0.52941448471761,85.4459695822234
333.645678438045,-0,549.07535218925,-0.492639752935221,85.4460101422973
333.645678438045,-0,549.186244009236,-3.06344155543964,85.4462424910485
333.645678438045,-0,549.299024667345,-3.03169242664214,85.4464793773813
333.64567683801,-0,549.319700061097,-0.443377799259239,85.4465202053513
333.64567683801,-0,549.33626428854,-0.459116341634078,85.4465549926536
333.430545917184,21.4322676022181,549.137940721635,5.57713865315691,85.4445410585386
333.429144751614,21.4880065509581,548.931128716206,5.59373411206644,85.4424377520898
333.361192558613,28.1741889157884,548.663642696889,7.33633623117588,85.4397197276659
333.358551881798,28.3273282581717,548.391580692548,7.37981298652356,85.4369544092634
333.64182516438,-0,547.577373453269,21.8816330864845,85.4352474634256
333.64182516438,-0,546.76305911001,22.1099130552991,85.433537164571
333.452698593208,18.8376226191642,546.580156286975,4.92523329422001,85.4316652886059
333.45096903891,18.9363255640053,546.397327950499,4.95267066262739,85.4298128518001
333.482727681214,15.6983194198805,546.244353377447,4.10734046495271,85.4282624636561
333.481475628548,15.7616877891435,546.092000713424,4.12505196120525,85.4267196338316
333.546911634377,9.18088346307795,546.000484984075,2.40364418852043,85.4257913433045
333.546370454561,9.19888133148209,545.911444639149,2.4087450908028,85.4248900696465
333.638338843933,-0,546.022482248399,-3.09747517109262,85.4250816942228
333.638338843933,-0,546.136723306996,-3.06302131067586,85.4253216485072
333.638338843933,-0,546.342569919779,-5.62763137030417,85.4257534373518
333.638338843933,-0,546.549955272675,-5.58602281928047,85.4261890292518
333.48525874289,15.2504207996539,546.415341187254,3.98892759146951,85.4247696113146
333.484923689688,15.2239678391645,546.267676742622,3.98308382344752,85.4232738674121
333.41916000388,21.7162542926439,546.060399899232,5.68269351236138,85.4211763222471
333.41792256749,21.7545878860256,545.849957796061,5.69490396353423,85.4190455606601
333.3487138084,28.5649777285352,545.577489678658,7.47988753959775,85.4162891855217
333.345982846317,28.7255176834974,545.299979596728,7.52569160422365,85.413481009991
333.633238023152,-0,544.364826785417,25.3289194581253,85.4115207590706
333.633238023152,-0,543.421931529549,25.5941121803767,85.4095404027932
333.633238023152,-0,542.36040663067,28.9909081801198,85.4073115684926
333.633238023152,-0,541.282435797687,29.2773811456942,85.4050475102681
333.633238023152,-0,540.40878745724,23.4629087751991,85.4032112647038
333.633238023152,-0,539.536541274748,23.6692672565143,85.4013792836396
333.432312908356,20.0128609032764,539.339852430644,5.30242367567609,85.3993874564433
333.430309671018,20.1342351111707,539.142927671088,5.3364980257441,85.3974130766919
333.567327670353,6.40512805877422,539.075158313123,1.69857371356073,85.3967301093727
333.566776855452,6.43501194801985,539.012261128055,1.70669417209674,85.3960998824821
333.631113293421,-0,539.121391890123,-3.05336611970374,85.3963010062691
333.631113293421,-0,539.233885813846,-3.01812617022914,85.3965372911229
333.631113293421,-0,541.702194982964,-67.3076829502306,85.4017075265373
333.631113293421,-0,544.097216934476,-63.1879609042878,85.4067388247684
333.631113293421,-0,546.491735727886,-63.0873381055189,85.4117681853994
333.631113293421,-0,548.744808805547,-58.9166130074863,85.4165013518367
333.631113293421,-0,550.841773087685,-54.9757399965656,85.4209065840738
333.631113293421,-0,552.782462343238,-50.7620531937948,85.4249836431263
333.631113293421,-0,554.56747963151,-46.5630338467743,85.4287337326307
333.631113293421,-0,556.197342165484,-42.3771238087151,85.4321579392592
333.631113293421,-0,557.672511906344,-38.2028928145498,85.4352572336075
333.631113293421,-0,558.993398057007,-34.038942912508,85.4380324754533
333.631113293421,-0,560.160358911943,-29.8839209905681,85.4404844176384
333.631113293421,-0,561.17370340902,-25.7365126956787,85.4426137093301
333.631113293421,-0,562.033692454273,-21.595436510182,85.4444208988043
333.631113293421,-0,562.740540033992,-17.4594380871457,85.445906435783
333.631113293421,-0,563.294414122609,-13.3272848831698,85.4470706733423
333.631113293421,-0,563.695437395225,-9.1977609736697,85.4479138694098
333.631113293421,-0,563.943687752059,-5.06966206350436,85.4484361878675
333.631113293421,-0,564.039196844904,-0.941606675514939,85.4486376954981
333.627132317019,0.397912666671169,564.055221323934,0.100867361486485,85.4486679243927
333.599125310657,3.19250991153438,564.040586032055,0.809240977776872,85.44851668544
333.631041945433,-0,564.038651721038,-4.11645119845127e-05,85.4484957126392
333.631041945433,-0,564.038652987742,-2.02602942157841e-05,85.4484957153043
333.631041945433,-0,564.038653473296,-7.53548498333659e-06,85.4484957163269
333.631041945433,-0,564.038653655675,-3.18567426375914e-06,85.448495716711
333.631041945433,-0,564.038653722734,-1.17386717410141e-06,85.4484957168522
333.631041945433,-0,564.038653747573,-4.37251102866029e-07,85.4484957169046
333.631041945433,-0,564.038653756917,-1.65896106911647e-07,85.4484957169243
333.631041945433,-0,564.038653760507,-6.45490874073846e-08,85.4484957169318
333.631041945433,-0,564.03865376193,-2.60459374504926e-08,85.4484957169348
333.631041945433,-0,564.038653762518,-1.1032123387684e-08,85.4484957169361
333.631041945433,-0,564.038653762776,-4.95557871050119e-09,85.4484957169366
333.631041945433,-0,564.038653762896,-2.37184887196708e-09,85.4484957169369
333.631041945433,-0,564.038653762955,-1.20613399298298e-09,85.448495716937
333.631041945433,-0,564.038653762986,-6.45710193657235e-10,85.448495716937
333.631041945433,-0,564.038653763003,-3.59588224599707e-10,85.4484957169371
333.631041945433,-0,564.038653763012,-2.05923842373485e-10,85.4484957169371
333.631041945433,-0,564.038653763029,-1.73230950468623e-09,85.4484957169371
333.631041945433,-0,564.03865376308,-1.12850535298337e-09,85.4484957169372
333.631041945433,-0,564.038653763111,-6.65855919043214e-10,85.4484957169373
333.631041945433,-0,564.03865376313,-4.01245687849454e-10,85.4484957169373
333.631041945433,-0,564.038653763141,-2.41621632767287e-10,85.4484957169374
333.631041945433,-0,564.038653763147,-1.45505281957013e-10,85.4484957169374
333.631041945433,-0,564.038653763153,-8.76316146786834e-11,85.4484957169374
333.631041945433,-0,564.038653763154,-5.27800607781134e-11,85.4484957169374
333.631041945433,-0,564.038653763154,-3.17903183153499e-11,85.4484957169374
333.631041945433,-0,564.038653763154,-1.91489919692116e-11,85.4484957169374
333.631041945433,-0,564.038653763154,-1.15350830641363e-11,85.4484957169374
333.631041945433,-0,564.038653763154,-6.95016938342073e-12,85.4484957169374
333.631041945433,-0,564.038653763154,-4.1872550174359e-12,85.4484957169374
333.631041945433,-0,564.038653763154,-2.52398213124933e-12,85.4484957169374
333.631041945433,-0,564.038653763154,-1.52227836444357e-12,85.4484957169374
333.631041945433,-0,564.038653763154,-9.18054105796549e-13,85.4484957169374
333.631041945433,-0,564.038653763154,-5.55301094030256e-13,85.4484957169374
333.631041945433,-0,564.038653763154,-3.35867554614613e-13,85.4484957169374
333.631041945433,-0,564.038653763154,-2.04480869465616e-13,85.4484957169374
333.631041945433,-0,564.038653763154,-1.24548359551209e-13,85.4484957169374
333.631041945433,-0,564.038653763154,-7.71837637382563e-14,85.4484957169374
333.631041945433,-0,564.038653763154,-4.78581919795186e-14,85.4484957169374
333.631041945433,-0,564.038653763154,-3.0974468919449e-14,85.4484957169374
333.631041945433,-0,564.038653763154,-2.00077468716134e-14,85.4484957169374
333.631041945433,-0,564.038653763154,-1.41817375953704e-14,85.4484957169374
333.631041945433,-0,564.038653763154,-9.87522012950827e-15,85.4484957169374
333.631041945433,-0,564.038653763154,-8.06077373935129e-15,85.4484957169374
333.631041945433,-0,564.038653763154,-6.17053600062897e-15,85.4484957169374
333.631041945433,-0,564.038653763154,-5.81151967717202e-15,85.4484957169374
333.631041945433,-0,564.038653763154,-4.7979904316678e-15,85.4484957169374
333.631041945433,-0,564.038653763154,-4.96711774041093e-15,85.4484957169374
333.631041945433,-0,564.038653763154,-4.27177755902444e-15,85.4484957169374
333.631041945433,-0,564.038653763154,-4.14059079003426e-15,85.4484957169374
333.631041945433,-0,564.038653763154,-4.54492947661847e-15,85.4484957169374
333.631041945433,-0,564.038653763154,-3.99139759421484e-15,85.4484957169374
333.631041945433,-0,564.038653763154,-4.43780776195122e-15,85.4484957169374
333.631041945433,-0,564.038653763154,-3.90970936856745e-15,85.4484957169374
333.631041945433,-0,564.038653763154,-4.37152590385994e-15,85.4484957169374
333.631041945433,-0,564.038653763154,-3.8527984046906e-15,85.4484957169374
333.631041945433,-0,564.038653763154,-4.32034566567887e-15,85.4484957169374
333.631041945433,-0,564.038653763154,-3.80515634816702e-15,85.4484957169374
333.631041945433,-0,564.038653763154,-4.27492426911185e-15,85.4484957169374
333.631041945433,-0,564.038653763154,-3.76116323809318e-15,85.4484957169374
333.631041945433,-0,564.038653763154,-4.23187746522233e-15,85.4484957169374
333.631041945433,-0,564.038653763154,-3.71876928578464e-15,85.4484957169374
333.631041945433,-0,564.038653763154,-4.18996360654335e-15,85.4484957169374
333.631041945433,-0,564.038653763154,-3.67722801252405e-15,85.4484957169374
333.631041945433,-0,564.038653763154,-4.1487376541931e-15,85.4484957169374
333.631041945433,-0,564.038653763154,-3.63627475239678e-15,85.4484957169374
333.631041945433,-0,564.038653763154,-4.1080269409229e-15,85.4484957169374
333.631041945433,-0,564.038653763154,-4.08756306566392e-15,85.4484957169374
333.631041945433,-0,564.038653763154,-3.57572672571108e-15,85.4484957169374
333.631041945433,-0,564.038653763154,-4.04781481930328e-15,85.4484957169374
333.631041945433,-0,564.038653763154,-3.5359110867292e-15,85.4484957169374
333.631041945433,-0,564.038653763154,-4.00820534573213e-15,85.4484957169374
333.631041945433,-0,564.038653763154,-3.49650956157338e-15,85.4484957169374
333.631041945433,-0,564.038653763154,-3.96901304989712e-15,85.4484957169374
333.631041945433,-0,564.038653763154,-3.45752081124702e-15,85.4484957169374
333.631041945433,-0,564.038653763154,-3.93022807869633e-15,85.4484957169374
333.631041945433,-0,564.038653763154,-3.41893840988166e-15,85.4484957169374
333.477217161511,15.3342610527442,563.923239885643,3.88624381732233,85.4473009849942
333.414786551761,21.5045516751491,563.749491427716,5.45066154436234,85.4454978858536
333.629832068512,-0,562.979559023751,22.8437398888296,85.4438845664923
333.629832068512,-0,562.017948453703,28.0735201354699,85.4418659894129
333.629832068512,-0,560.862029951807,33.3435296290393,85.4394393055899
333.629832068512,-0,559.510144570377,38.6619715516628,85.4366010324426
333.629832068512,-0,557.96032828812,44.0372217041401,85.4333470466655
333.629832068512,-0,556.210300895828,49.4779746344092,85.4296725609161
333.629832068512,-0,554.257453344592,54.9932928534868,85.4255720972524
333.629832068512,-0,552.098832978973,60.5926663794892,85.4210394561309
333.629832068512,-0,549.731126423926,66.2860792571113,85.4160676804769
333.629832068512,-0,547.150639869978,72.0840834911876,85.4106490142933
333.629832068512,-0,545.082108705959,56.5347270488793,85.4063009576761
333.629832068512,-0,542.932153258784,59.454083421194,85.4017859286275
333.629832068512,-0,540.914719030672,55.3176370719959,85.3975476948456
333.629832068512,-0,538.816665454371,57.7670070014711,85.3931415751327
333.629832068512,-0,537.164505704145,44.6344935273266,85.3896685757862
333.629832068512,-0,535.483678948734,46.0065927971737,85.3861385442637
333.629832068512,-0,534.577632868294,23.6698483693411,85.3842306310846
333.629832068512,-0,533.695874246376,23.9597595993553,85.382378688835
333.629772697257,-0,533.988048764565,-8.01331167739087,85.3828679900744
333.629772697257,-0,534.282282692974,-7.83614261475573,85.3834860244883
333.629772697257,-0,534.488886742199,-5.4433802899134,85.3839204906312
333.629772697257,-0,534.688632264973,-5.35611214512559,85.3843400461851
333.629770852687,-0,534.729269238144,-0.908765626563228,85.3844227266365
333.629770852687,-0,534.762926043842,-0.918563358693853,85.3844934157162
333.455335847093,17.3781423601597,534.598622397813,4.64551242549503,85.3828575921589
333.454299746288,17.4133347307785,534.426470286423,4.65640494662588,85.3811436261894
333.480858229351,14.6991899424476,534.27981102033,3.93202629336243,85.3796831355921
333.479683241186,14.7587468450348,534.133929842427,3.94902197929441,85.3782314774027
333.478603653626,14.8085694113587,533.987523706884,3.9634265480215,85.3767749033541
333.477409275234,14.8696386885106,533.840495701066,3.98085311282755,85.3753124584384
333.419658160511,20.5652112546476,533.639957084052,5.50675398314858,85.3733195714638
333.417585871704,20.6913345843392,533.43555930759,5.54261789943775,85.3712873416205
333.117886026353,50.4690011882553,532.950206099809,13.5192046229621,85.3664690122463
333.101942698087,51.8623831184042,532.44349046558,13.9051164977012,85.3614338621163
333.620566529272,-0,532.665831492157,-8.1561688849539,85.3618960223631
333.620566529272,-0,532.966567374088,-8.0178260009315,85.3625277046762
333.620566529272,-0,534.632653836555,-45.2899588246599,85.3660189088282
333.620566529272,-0,536.252242150398,-42.3828102254188,85.3694212557093
333.620566529272,-0,536.993334330221,-18.8908462375593,85.3709829603708
333.620566529272,-0,537.681207699159,-18.3907927571052,85.3724278479576
333.620566529272,-0,539.518012485549,-48.8410071789308,85.376279116158
333.620566529272,-0,541.255803247387,-44.7320579132716,85.3799299934711
333.620566529272,-0,542.080290154606,-20.9216483939486,85.3816669264202
333.620566529272,-0,542.83504415469,-19.8613675631603,85.3832524098231
333.620552436137,-0,542.95507393162,-2.43568795410361,85.3834804857521
333.620552436137,-0,543.044992499792,-2.44830183538424,85.3836693438667
333.38104729783,23.8610405584467,542.825148942278,6.28042914179458,85.3814415492172
333.37546712651,24.3242834893693,542.590414682852,6.40502785744645,85.3790759194398
333.455669485856,16.2390610595697,542.429601076132,4.2783502508198,85.3774536694988
333.45282513155,16.4591870408189,542.270191542518,4.3375821292756,85.3758482584899
333.249617542155,36.640609430101,541.924321495579,9.65631070216341,85.3723701179029
333.234896851479,37.9660673737822,541.560741560917,10.0118937292659,85.3687101390965
333.614557525216,-0,539.677262394941,52.866864851437,85.3647635566627
333.614557525216,-0,537.672563531542,55.2913955634597,85.3605535095075
333.614557525216,-0,535.468500108183,61.1739453502643,85.3559254839087
333.614557525216,-0,533.14912788535,64.3019553106992,85.3510546652814
333.614557525216,-0,530.211158268805,82.1170445651746,85.3448877914565
333.614557525216,-0,527.084068042471,87.0728632560826,85.3383208791655
333.614557525216,-0,523.320544204549,105.421953090756,85.3304201657551
333.614557525216,-0,519.314074805899,110.862389859946,85.3220063515727
333.614557525216,-0,515.299446801092,110.972165596865,85.3135742332046
333.614557525216,-0,511.083783243106,116.926281163713,85.3047211496791
333.614557525216,-0,507.033023915705,111.511501350996,85.2962119320093
333.614557525216,-0,502.814837121811,116.962245253636,85.2873534384793
333.614557525216,-0,500.645484334793,56.6952393554082,85.2827838207841
333.614557525216,-0,498.530836340997,57.7518776936583,85.2783425416913
333.614557525216,-0,495.073048075571,96.5657538144219,85.2710884662775
333.614557525216,-0,491.439330133708,99.6078944315547,85.2634570367457
333.614557525216,-0,488.898923675775,67.9083480036099,85.2581143353507
333.614557525216,-0,486.357757401845,69.2783180208472,85.2527772852902
333.614557525216,-0,483.124248282547,89.395210215061,85.2459901781515
333.614557525216,-0,479.771418057425,91.801464613406,85.2389485730745
333.614557525216,-0,476.649971702596,84.9194010145359,85.2323909206313
333.614557525216,-0,473.467184120233,87.2150647169642,85.2257064411664
333.614557525216,-0,469.849267547275,99.6353770849405,85.2181102553482
333.614557525216,-0,466.115239100228,102.495385837266,85.2102680982703
333.614557525216,-0,463.535362467113,68.686277799023,85.2048420331985
333.614557525216,-0,460.970218565495,69.9195289739906,85.1994545916551
333.614557525216,-0,458.540601225973,65.8779847173904,85.1943506479742
333.614557525216,-0,456.080798789793,67.0726276514596,85.1891844524021
333.614557525216,-0,453.766015172362,62.7185655332335,85.1843216317698
333.614557525216,-0,451.426182740416,63.6784559305024,85.1794073643025
333.614557525216,-0,450.391292891905,26.4982504248842,85.1772255805622
333.614557525216,-0,449.408674238837,26.6448621214778,85.1751617650773
333.462665968058,15.1279489620061,449.227850945163,4.81261227497768,85.1735680547114
333.461950494796,15.1399591774558,449.049675351001,4.81832827519282,85.1720177039346
333.41079126161,20.1774496202267,448.814717149796,6.42388074363207,85.1699752093123
333.410533400567,20.124012840758,448.577447944731,6.41025209217167,85.1679119506911
333.460492959748,15.0678205006306,448.397105490617,4.80232793941389,85.1663429865264
333.460247359703,15.0331574853131,448.219564301731,4.79317471177169,85.1648003023433
333.359734795489,24.9878426375452,447.929668785491,7.96983990223385,85.1622846844932
333.359242491984,24.9388915333988,447.635101124073,7.95944962728527,85.1597268286492
333.358592865952,24.9057957337298,447.340720916186,7.9541011150078,85.1571718757286
333.357756515017,24.8914574198109,447.046414118088,7.95473646699019,85.1546188345418
333.356884360207,24.8807479077928,446.752071442489,7.95653176874508,85.1520667518826
333.355969276908,24.8743585884761,446.457629430518,7.95971263067584,85.1495150783086
333.35502841235,24.8705620817913,446.163049857784,7.96372976730012,85.1469634834158
333.354072091857,24.8683182754527,445.86830966372,7.96825222588083,85.1444117689835
333.251477336169,34.9919116905215,445.458597358824,11.2188110548438,85.1408689396826
333.249670604988,35.0347906093726,445.043107541711,11.2430025056746,85.1372756673251
333.247468451969,35.1169083584198,444.62633836316,11.2798427543654,85.1336738750573
333.245126833939,35.2126108602961,444.208110980119,11.3211517188884,85.1300620336753
333.086618499332,50.8664970847349,443.612328324935,16.3680121860171,85.1249239745058
333.081847714372,51.1428993086114,443.005036802608,16.4793406759587,85.1196873705522
333.024821593987,56.623797170849,442.333105922444,18.2698682894684,85.1139004848349
333.018542180398,57.0281258743427,441.654635986702,18.4282707861942,85.1080624385469
333.011835830152,57.4732004453683,440.969275131186,18.6005779407384,85.1021718904117
333.004604175282,57.9688374010266,440.276931116458,18.7900725422625,85.096228257864
333.104164352655,47.8227788757627,439.698072382635,15.5264519798812,85.0912622418283
333.098862310024,48.1638019665122,439.120758526012,15.6574757819881,85.0863174640246
333.039625833731,53.8768131052656,438.477056668441,17.537244275621,85.0808106915371
333.034291859424,54.1973752886523,437.825932107075,17.6675378377875,85.0752449343367
332.973017750479,60.0901699728391,437.107050205998,19.6170543790799,85.0691080532781
332.966780038236,60.4763927365476,436.378260600768,19.7757239502618,85.0628925885957
333.571543965602,-0,434.335400500462,54.8283188827654,85.0586095397837
333.571543965602,-0,432.29367860365,55.4679126287448,85.054321339959
333.006873439986,56.2470227638935,431.614974719892,18.5979749369829,85.0485488561508
333.001013368581,56.6106745397985,430.924195499472,18.7478856767999,85.0427136601055
332.881769887888,68.2691857203599,430.096853166707,22.6440837100574,85.0357356191864
332.87349453215,68.8265328827544,429.254854227993,22.8731539947912,85.0286407803314
333.561759860977,-0,425.730001542179,96.8807705123238,85.0212535585966
333.561759860977,-0,422.110045833084,98.7644795259363,85.0136507807624
333.561759860977,-0,418.641359551647,94.2381486019729,85.0063643176007
333.561759860977,-0,415.117312876178,96.1269248332953,84.9989629838576
333.561759860977,-0,412.472848455855,70.78993567054,84.9934031182026
333.561759860977,-0,409.835949911077,71.6780488392487,84.9878648908266
333.055884085811,50.3872621685854,409.186323599516,17.5762501334698,84.9825400269737
333.050914298972,50.6848763479082,408.53317932116,17.7080616173603,84.9772387231851
333.165536607233,39.0668651302523,408.022403039925,13.6709333297377,84.9730947998921
333.162705709866,39.1956042028319,407.515279769522,13.7329004459162,84.9689878183442
333.27844869726,27.5107796950508,407.152092187392,9.65092820147046,84.9660460390054
333.276737803235,27.5731738176665,406.794186416102,9.68127635053163,84.9631524227834
333.392397738516,15.9421949723761,406.58042505362,5.60243159186587,84.9614220321066
333.392312136438,15.887998781257,406.373476161881,5.5862226068165,84.959750793006
333.217738355956,33.2169715084096,405.949306285953,11.6850187973247,84.9563311871578
333.216639169679,33.1958885930593,405.516782113853,11.6900435909011,84.9528416809723
333.097814072547,44.9034303046908,404.938177054582,15.8296898946646,84.9481802271419
333.095437058191,44.9639143152014,404.351778984052,15.8739251993818,84.9434574424682
333.032730487941,51.0347493241627,403.689509648814,18.0432324165528,84.9381307638518
333.029817317467,51.124606099751,403.021000004233,18.1048215332902,84.9327585708789
332.964872339736,57.3944759384918,402.274275569512,20.3588508508347,84.9267666385154
332.960678851641,57.5870343039379,401.519269677965,20.4653022268221,84.9207146627496
333.076109360586,45.8611786742193,400.909959315205,16.3287573974176,84.915834287853
333.072455139987,46.0452544231551,400.304187923017,16.4188957233611,84.9109912564633
332.946977056327,58.365557314153,399.542813863142,20.8437040133854,84.9049138523857
332.942516990675,58.5808200939958,398.76967344076,20.9608536400019,84.8987474587109
333.059219547304,46.7242491476063,398.144603558152,16.750733246118,84.8937660738702
333.055716225668,46.8897486886348,397.523125382115,16.8361214806079,84.8888226359812
332.990148581832,53.2381180848095,396.821209141486,19.145511275534,84.8832472792111
332.986617686028,53.3807557307942,396.111415570735,19.2309972943707,84.8776147596554
333.104840060624,41.3932070578986,395.553291313888,14.9388507292398,84.8731884646383
333.10197199316,41.5162500864322,394.999187510776,15.0041076317798,84.868802237996
333.160795186491,35.4924958421583,394.520192192901,12.8449962521627,84.8650128221784
333.158311196076,35.6003807759192,394.043532006847,12.8995301431838,84.8612470730094
333.278237862486,23.5126724313067,393.721169391989,8.52975309298437,84.8586991902999
333.277285793358,23.5149254654038,393.405186844929,8.53739755403725,84.8562068133349
333.155528498076,35.5524214005038,392.934544683942,12.918398691394,84.8524998847631
333.154734427257,35.4915668036219,392.456922130328,12.9119503030161,84.8487375931161
333.153545807338,35.4702576009291,391.979053803359,12.9198829984814,84.8449767261724
333.152290138395,35.4557167175483,391.500847661097,12.9303119379828,84.8412165553203
333.150974218457,35.4472346138396,391.022200885403,12.9429908783902,84.8374562794818
333.149623874248,35.4422116952257,390.543054068602,12.9569807478136,84.833695440753
333.148252846837,35.4392636853006,390.063370594008,12.9717814962568,84.8299337620638
333.146869396895,35.4375584250081,389.583127625377,12.9870922932767,84.8261710755588
333.145478474714,35.4365972375073,389.102310590032,13.0027327931174,84.8224072788483
333.144083043976,35.4360815697413,388.620909862966,13.0185950431148,84.8186423087365
333.203698490171,29.3571721167524,388.217239633733,10.7985021934136,84.8154864433425
333.202392800102,29.3715929797606,387.817123227069,10.8149101385068,84.8123625627078
333.321870953146,17.3528519221619,387.572983047005,6.39586230741233,84.8104544507423
333.321855924718,17.2858673194294,387.336643180703,6.37506071088371,84.808611660215
333.321915346627,17.2117373610799,387.101200906234,6.35158361636209,84.8067766830926
333.322314792671,17.1040002835324,386.866989064682,6.31565497788265,84.8049520954043
333.493315293184,-0,387.13392871417,-7.50995951597406,84.805432081633
333.493315293184,-0,387.414264099564,-7.59266003403503,84.8060208672274
333.443633871958,4.94885777696448,387.360964308928,1.82571614058442,84.8055319020611
333.445065298674,4.78644077309122,387.294416052704,1.76610899583386,84.805013233128
333.389241928233,10.3285952520884,387.155439486235,3.81177744725192,84.8039319110428
333.390463701487,10.1659393797628,387.015612358414,3.753118806303,84.80284253628
333.276998650092,21.4295021244218,386.72859833377,7.9145785425269,84.8006102828895
333.277898284805,21.2552139522128,386.437042451103,7.85615327903987,84.798340450847
333.336137395391,15.3691388460662,386.222161197111,5.68477451517905,84.7966668160417
333.33671863225,15.2504385938118,386.012436878188,5.64394436200365,84.7950357112452
333.223058968473,26.5131992418128,385.654550059582,9.81777305572896,84.7922565504046
333.222930313427,26.4214082527591,385.291757094147,9.79300996682147,84.7894377389761
332.990649940979,49.4582673571798,384.627743947295,18.3500927168222,84.7842879575298
332.98845715097,49.4820398146009,383.948494855809,18.3912681292564,84.7790195511281
333.102719508081,37.9037610061371,383.41974082208,14.1122882751194,84.7749205701445
333.100136983401,38.0117650658402,382.896081971667,14.1717435417107,84.7708686872582
333.097935500285,38.0813946739733,382.370799178703,14.2171115988198,84.7668082612132
333.095739281268,38.1502121563021,381.843830594095,14.2623637040124,84.7627388631917
333.152109089771,32.3840132776819,381.391896785462,12.1231312495846,84.7592508006271
333.150182345823,32.4483724002473,380.942383242801,12.1614866336826,84.7557861649465
333.321782244342,15.2251556898744,380.721276853483,5.7126455223623,84.7540784285853
333.321655566659,15.1777062181735,380.510276824256,5.69798935792203,84.7524544390075
333.378487478697,9.45601414482554,380.375289590522,3.55184350349978,84.7514142360158
333.378970016803,9.37050582173063,380.244412500362,3.52094014891872,84.7504076208663
333.379469742553,9.2836284255713,380.114721308952,3.48949182781242,84.749410375695
333.380291731353,9.16496805119879,379.986547504914,3.44606103753885,84.7484250329671
333.381219814995,9.03619265014437,379.860071492279,3.39878204737159,84.7474529771983
333.38220826657,8.90190343769799,379.735395046179,3.34938142668447,84.7464949823161
333.438693112783,3.23945974625053,379.686495792231,1.21923011667463,84.7461176571035
333.439754378056,3.12076030078679,379.642250103685,1.17469595909391,84.7457777881063
332.99511820077,47.4042485771226,379.006860072587,17.849094501426,84.7409093591456
332.993069278292,47.4215019810295,378.345709056699,17.8866808219939,84.7358359774392
333.383497776944,8.33825430269341,378.216776239079,3.1499174713312,84.734768672247
333.383845159715,8.27076649441046,378.101097833602,3.12538079688063,84.7338826251756
333.218584541425,24.7017156266819,377.764457506444,9.33792828182292,84.7313093202954
333.218345028633,24.6280274702915,377.419246563823,9.31858120989023,84.728667109489
333.273627496044,19.023302580416,377.148819485752,7.20429603694654,84.7265970654159
333.273636255899,18.9472471676976,376.882585266489,7.18055290746935,84.7245618309991
333.273658740606,18.8701285338263,376.617267347302,7.15636935185934,84.7225346379864
333.27362861159,18.7985917216737,376.3529069567,7.13424686189564,84.7205157925564
333.108260907745,35.1988101468455,375.867799739353,13.3686963554823,84.7168175339821
333.106966337624,35.1889432548806,375.372899604208,13.3825482748187,84.7130430798247
333.049210324479,40.804315379443,374.802837042065,15.5389463523885,84.7087010393396
333.047354083584,40.8284529796713,374.227693671659,15.5719534732036,84.7043233900955
332.988005844808,46.5802868293775,373.574821697765,17.7934887049402,84.6993611443613
332.985220126248,46.6742884935599,372.915443985844,17.8607694567398,84.6943540204016
332.923866394252,52.6029314214378,372.175467099983,20.1656855442998,84.6887435294642
332.920043127202,52.7766294790576,371.427513471593,20.2727773590809,84.6830788966789
332.856495617665,58.8999618389059,370.596075446132,22.6712258133523,84.6767926447263
332.851689929559,59.1469668504011,369.755374122863,22.8177755505822,84.6704447882063
333.443159598063,-0,366.916535576955,77.0773834736532,84.664494111635
333.443159598063,-0,364.040730970518,78.3250184957891,84.6584541756013
333.443159598063,-0,361.121705419569,79.4310869195193,84.6523234292332
333.443159598063,-0,358.158083947533,80.6513375543412,84.6460990406399
333.443159598063,-0,354.042718677703,113.83345385127,84.6374625861296
333.443159598063,-0,349.783358448175,116.30688998303,84.6285169613044
333.443159598063,-0,346.571177093035,86.1402276709276,84.6217636303422
333.443159598063,-0,343.357658133912,87.4851156788181,84.615014395725
333.443159598063,-0,340.97135823576,63.6746551060734,84.6099971016538
333.443159598063,-0,338.599991777067,64.4543305676687,84.6050165620539
332.858884871911,58.1997458560717,337.706892874647,24.5833575065214,84.5986648148621
332.854371537954,58.4201345248877,336.794632714465,24.7429411027425,84.5922188934814
333.0917718958,34.5389717176351,336.236696008731,14.663492976396,84.5882768806263
333.089512177446,34.6279206230617,335.693054888974,14.7249615419958,84.5844477623146
333.207128555361,22.7740646461788,335.327110124009,9.69841169289902,84.5818695491236
333.206381373287,22.7585792817375,334.968260033423,9.70216665035901,84.57934691417
333.433900516933,-0,335.014749564264,-0.985672013760395,84.5793115176637
333.433900516933,-0,335.053082058348,-1.0442405716393,84.5793920166589
333.433900516933,-0,335.372587363992,-8.9502717478122,84.5800613584849
333.433900516933,-0,335.70569711248,-9.04912163832126,84.5807609854168
333.433900516933,-0,336.590023473697,-24.4096927557725,84.5826150180792
333.433900516933,-0,337.493621409279,-24.4043083810522,84.5845128953461
333.433900516933,-0,338.922243995058,-39.0938196139783,84.5875102901548
333.433900516933,-0,340.364708205912,-38.8587965893939,84.5905400280112
333.433900516933,-0,341.540885615569,-31.4500722086062,84.5930120412816
333.433900516933,-0,342.703348394903,-31.3786726309322,84.595453640983
333.13078330296,30.1954342399952,342.298879948125,12.593913875446,84.5923334211202
333.131616542855,29.992654794437,341.833429330737,12.5264193709691,84.5890134495341
333.132228669478,29.8129195074301,341.371006055945,12.4682652636974,84.5857182426482
333.132047210261,29.7131173681565,340.910220132333,12.4433158842745,84.5824378593048
333.350688382697,7.81434111280662,340.775591310188,3.27601289859562,84.5814735567132
333.351171291982,7.73530542613917,340.655259110089,3.24402741686217,84.5806180350839
333.428513602111,-0,341.803031528968,-32.1027171406789,84.5829999533462
333.428513602111,-0,342.98744332317,-31.8295248557747,84.5854876979852
333.196243812041,23.1374252497259,342.692414818687,9.64104060910304,84.5831213962208
333.196859543919,22.9842764788267,342.336064598838,9.58723384674053,84.5805776248265
333.089634696616,33.5755482652387,341.824535043455,14.0213899131927,84.5769319496394
333.089345019418,33.4717211244389,341.306565453637,13.9992319758981,84.5732409001819
333.195872872331,22.7269311085167,340.947614966358,9.51847697165947,84.5706825455342
333.195483246656,22.6759167109443,340.595755185037,9.5069015238462,84.5681798762485
333.354028858634,6.79166087862737,340.480205849302,2.84977363307549,84.5673536930931
333.354261359766,6.7416154362695,340.375270258058,2.82964880396274,84.5666080909465
333.196800131772,22.4015813144693,340.037117749999,9.40735467088328,84.5642106319162
333.196849453704,22.3080036369257,339.689571939342,9.37763871937993,84.5617432820808
333.143498159577,27.5347868591545,339.264151228132,11.5874361852801,84.5587268267668
333.143056724326,27.4699203050757,338.835841545629,11.5747358183301,84.5556909000203
333.142261876829,27.4405369912238,338.40756720558,11.5769596337821,84.5526579286296
333.14137221804,27.4207283781266,337.979138646264,11.5832356347128,84.5496265624135
333.350892471136,6.43964444512081,337.866410186075,2.7229466048813,84.5488184419523
333.350997171577,6.40374366049208,337.766076319301,2.70857155240179,84.5481093876742
333.402777021349,1.21992371700856,337.744577806954,0.516102813860786,84.5479494174727
333.403347536519,1.15815721306203,337.725970600155,0.489999642876172,84.5478179408103
333.403964390181,1.09201264901155,337.70837223726,0.462039789286382,84.5476935949686
333.404839293418,1.00040724421483,337.692132465764,0.423302270009789,84.5475788433155
333.414842589617,-0,338.606246927656,-25.5834305405634,84.5494915874107
333.414842589617,-0,339.550531596923,-25.4292619733302,84.5514749538524
333.414842589617,-0,340.949376032412,-38.0581504687843,84.5544102555735
333.414842589617,-0,342.35095134155,-37.6966569574172,84.5573541399529
333.414842589617,-0,343.737968240701,-37.3193967796032,84.560267449964
333.414842589617,-0,345.111277283716,-36.9591570475884,84.5631519648864
333.414842589617,-0,346.684640488438,-42.5759699587631,84.5664553546118
333.414842589617,-0,348.248530982415,-42.0142184288091,84.5697402023242
333.414842589617,-0,349.793692003946,-41.538542102053,84.5729856926394
333.414842589617,-0,351.320129168777,-41.0357723097792,84.5761918621534
333.414842589617,-0,352.629201984367,-34.970605998531,84.5789427084599
333.414842589617,-0,353.917755201489,-34.6688697900729,84.5816491932717
333.414842589617,-0,355.384293800726,-39.6415862075866,84.5847283545993
333.414842589617,-0,356.841044557929,-39.1285827456588,84.5877881601888
333.414842589617,-0,359.363382393643,-68.3599142112553,84.5930795580071
333.414842589617,-0,361.853009562923,-66.341866021905,84.5983091001593
333.414842589617,-0,363.777407612537,-50.9006441997575,84.6023544024278
333.414842589617,-0,365.642646849426,-49.9632938625939,84.6062722716736
333.414842589617,-0,367.937352725135,-61.7481268140344,84.6110893850735
333.414842589617,-0,370.193645719241,-60.2669847640392,84.6158287250524
333.414842589617,-0,371.794812841075,-42.2018679855904,84.6191957027818
333.414842589617,-0,373.340479092249,-41.3898397490959,84.6224423279702
333.414842589617,-0,374.707961184265,-36.4728643006735,84.6253156028424
333.414842589617,-0,376.046548910876,-35.8570120701416,84.6281272467056
333.414842589617,-0,376.940507425408,-23.591317146319,84.6300075646294
333.414842589617,-0,377.808373033874,-23.3269554193191,84.6318304480936
333.414842589617,-0,378.530961932767,-19.2831383196217,84.633349027223
333.414842589617,-0,379.241439156058,-19.1305809860434,84.6348413147652
333.31980130003,9.46679694797931,379.145499433925,3.5667944275277,84.6339132771764
333.320813719729,9.32821039191581,379.014219356261,3.5158108794174,84.6329057917082
333.414074173195,-0,379.165943553596,-4.26728886771115,84.633180338528
333.414074173195,-0,379.325000884346,-4.29665301657421,84.6335144088903
333.414074173195,-0,380.138478814792,-22.4348353491582,84.6352190260085
333.414074173195,-0,380.962450248851,-22.0781455494203,84.636949736375
333.414074173195,-0,382.375950715769,-38.2408273524549,84.6399150465249
333.414074173195,-0,383.772295183938,-37.2730747413857,84.6428480771456
333.414074173195,-0,386.375272566011,-69.7555002896072,84.6483081341261
333.414074173195,-0,388.881667261233,-65.8543470051543,84.653573306713
333.414074173195,-0,391.732463344295,-74.8168086807362,84.6595590252675
333.414074173195,-0,394.390687374856,-68.9468540987086,84.6651435247631
333.414074173195,-0,395.399263089021,-25.4127003066401,84.6672714319642
333.414074173195,-0,396.31916600343,-24.4133503368819,84.6692037732971
333.414074173195,-0,396.89138155684,-14.9682647219096,84.6704076987709
333.414074173195,-0,397.438759390404,-14.6260679827111,84.6715574613182
333.414074173195,-0,397.663381208271,-5.74427082365142,84.6720311932429
333.414074173195,-0,397.875067354742,-5.71625496388476,84.6724758153556
333.414074173195,-0,398.737710300562,-23.5137445242528,84.6742837711035
333.414074173195,-0,399.590052704449,-22.5561808521369,84.6760742022494
333.414074173195,-0,400.40282496927,-21.3430967303427,84.6777815780689
333.414074173195,-0,401.172732328145,-20.3771873390068,84.6793988682171
333.414074173195,-0,402.629021993298,-38.0856975335023,84.6824537120868
333.414074173195,-0,403.952764798649,-33.2719309177233,84.6852350963284
333.414074173195,-0,404.633927310164,-17.2289717217814,84.6866692949781
333.414074173195,-0,405.247068660992,-15.9333423358461,84.6879573931776
333.414074173195,-0,406.122135652535,-22.1122864381631,84.689793990043
333.414074173195,-0,406.871325671013,-18.3719854699432,84.6913683744406
333.414074173195,-0,407.516084336635,-14.7874789279603,84.6927233818226
333.414074173195,-0,407.965721425942,-9.3454731287964,84.6936689717756
333.414074173195,-0,408.209028980685,-4.23938648365124,84.6941811229232
333.40146996364,1.25930098752484,408.249795603345,0.44075165049989,84.6942458281889
333.412617726425,0.144045695158129,408.257207536784,0.0504164317230012,84.6942519244977
333.400607817449,1.34252685415085,408.248969164128,0.469881327252066,84.69418553692
333.414029596493,-0,408.247880181453,-6.65568057064919e-05,84.6941763093384
333.414029596493,-0,408.247881972305,-3.13097928922066e-05,84.6941763131075
333.414029596493,-0,408.247882660647,-1.16383782402402e-05,84.6941763145576
333.414029596493,-0,408.247882917805,-4.42386035650771e-06,84.6941763150993
333.414029596493,-0,408.247883012026,-1.62571106672977e-06,84.6941763152978
333.414029596493,-0,408.247883046611,-5.98863213041486e-07,84.6941763153707
333.414029596493,-0,408.247883059427,-2.23104435729741e-07,84.6941763153977
333.414029596493,-0,408.247883064239,-8.44586544456418e-08,84.6941763154078
333.414029596493,-0,408.247883066082,-3.27595982571691e-08,84.6941763154117
333.414029596493,-0,408.247883066809,-1.31609686614302e-08,84.6941763154132
333.414029596493,-0,408.247883067108,-5.54309871341241e-09,84.6941763154138
333.414029596493,-0,408.247883067238,-2.47367344969582e-09,84.6941763154141
333.414029596493,-0,408.247883067298,-1.1760157034348e-09,84.6941763154142
333.414029596493,-0,408.247883067328,-5.94387407336008e-10,84.6941763154143
333.414029596493,-0,408.247883067343,-3.16633924696166e-10,84.6941763154143
333.414029596493,-0,408.247883067352,-1.75681033925531e-10,84.6941763154143
333.414029596493,-0,408.247883067368,-1.74879010725153e-09,84.6941763154144
333.414029596493,-0,408.247883067419,-1.12395082495857e-09,84.6941763154145
333.414029596493,-0,408.24788306745,-6.63519181719819e-10,84.6941763154146
333.414029596493,-0,408.247883067469,-3.99396422306057e-10,84.6941763154146
333.414029596493,-0,408.24788306748,-2.40503690119301e-10,84.6941763154146
333.414029596493,-0,408.247883067486,-1.44820422084502e-10,84.6941763154146
333.414029596493,-0,408.24788306749,-8.72148202001497e-11,84.6941763154146
333.414029596493,-0,408.247883067493,-5.25268201044788e-11,84.6941763154147
333.414029596493,-0,408.247883067495,-3.16368994005243e-11,84.6941763154147
333.414029596493,-0,408.247883067495,-1.90555334582133e-11,84.6941763154147
333.397201791414,1.6779898020013,408.232179334601,0.587309175925054,84.6940495914322
333.389625506922,2.42723445920098,408.204776783239,0.849587817292852,84.6938278219199
333.220279244767,19.2977472194299,407.994850219216,6.75462541831914,84.6921319760886
333.167207619466,24.5165644971848,407.706120035566,8.58600432358673,84.6897949852099
333.095963171156,31.5288467217933,407.339323242125,11.0493224324279,84.6868275994645
333.041027646683,36.8861309440216,406.893472902545,12.938774735971,84.6832218983289
333.409888956123,-0,405.133507685286,50.5399108619423,84.6795335876031
333.409888956123,-0,403.099971589682,58.0769778300258,84.6752640924519
333.409888956123,-0,400.784683541391,65.759935545957,84.6704028502608
333.409888956123,-0,398.181786491025,73.6118861885868,84.6649375642122
333.409888956123,-0,395.445922099887,77.0189553346652,84.6591920254965
333.409888956123,-0,392.467508034669,84.0617025413667,84.652937843218
333.409888956123,-0,389.617057459601,79.0953515656817,84.6469497978396
333.409888956123,-0,386.579588857833,85.389530118515,84.6405714160436
333.409888956123,-0,383.538169551732,84.3721087337707,84.6341831340231
333.409888956123,-0,380.319820062898,89.5283500507615,84.6274245888425
333.409888956123,-0,378.484733829456,48.5375961453106,84.623561273853
333.409888956123,-0,376.660575765414,49.9634224520583,84.6197302075305
333.409888956123,-0,374.403556401601,62.546071013456,84.6149924240115
333.409888956123,-0,372.046972768509,64.8650894237222,84.6100432709359
333.409888956123,-0,369.730840961463,63.3404728771123,84.6051782387032
333.409888956123,-0,367.346449879141,65.5455490847789,84.6001706551531
333.409888956123,-0,364.734853344116,72.0571161707367,84.5946868033553
333.409888956123,-0,362.02441408459,74.5194203697627,84.5889944593858
333.409888956123,-0,358.587750727287,95.56849095273,84.5817808605952
333.409888956123,-0,354.981247773262,99.4170324663387,84.5742067689121
333.409888956123,-0,353.012493062849,51.591463734037,84.5700612048647
333.409888956123,-0,351.089020223943,52.5081969843063,84.5660214307289
333.015863383281,39.2477993052255,350.505565983845,15.9806307203136,84.5617562349399
333.00855930874,39.8211666025026,349.908670512082,16.2413830858614,84.5574263572079
333.106458040559,29.9113107592749,349.452285099276,12.2191957412121,84.554116709727
333.10261213675,30.1766197477109,348.997559533404,12.3434942243134,84.5508253073877
333.026845477936,37.6058501308701,348.434534771708,15.4036097675136,84.5467557888483
333.020496484027,38.090603816247,347.860576469684,15.6276049902577,84.5426097812012
332.977111292302,42.2633368591155,347.225690937823,17.3689641179936,84.5380300350563
332.969675522392,42.8382345967708,346.578752464847,17.6377329483161,84.5333682187809
332.924351117665,47.1854681522404,345.867015754188,19.4647961963716,84.528247261601
332.91596124219,47.8358578429895,345.140981593491,19.7740899783047,84.523029826648
333.39431982062,-0,344.145739432868,25.2106970081289,84.5209406566286
333.39431982062,-0,343.210286330255,25.3831183797196,84.5189759111812
333.133866403925,25.943980029366,342.818546592512,10.8044772980718,84.5161654728686
333.131417231973,26.0856771454769,342.417630426908,10.8761462033843,84.5133026712356
333.280006582732,11.1798802813831,342.236047824237,4.66594383792766,84.5120025318907
333.279228630931,11.2132567441205,342.063217961849,4.68222842520497,84.5107699839205
333.352234318796,3.89608047519129,341.998885623473,1.62752788252463,84.5103090872044
333.352029382074,3.90111433292567,341.938689043754,1.62991601341577,84.5098800156298
333.167147331914,22.3038010538204,341.60490297543,9.32247922612158,84.5075065794117
333.166037052904,22.3262395670963,341.259630438449,9.34126791704104,84.5050472795025
332.933037680294,45.450339183017,340.572773408472,19.040952735741,84.500164980867
332.927166849057,45.8560435784967,339.863920393949,19.2506683766064,84.4951262022315
333.385727284842,-0,338.049463375624,48.5535329422343,84.4913216208258
333.385727284842,-0,336.239922947705,49.210041187787,84.4875210881258
333.229583212965,15.5494782904225,335.987316104576,6.60927560049319,84.4857104501313
333.228247415319,15.6212371851512,335.742379192061,6.64458624190826,84.4839861245747
333.226932827907,15.6905322882901,335.495911359441,6.67893958905606,84.4822519058254
333.225955954309,15.7258363983973,335.248399328453,6.69888731062211,84.4805112238412
333.225064175333,15.7524973300099,335.000180724282,6.71519800028798,84.4787664713226
333.224278450423,15.7684721214918,334.751464599501,6.72698621725613,84.4770191241556
333.223556224425,15.7780479969114,334.502375739734,6.73606889679531,84.4752700654236
333.222872004605,15.7837932114195,334.252988730779,6.7435352770077,84.473519823519
333.222210533033,15.7872449229689,334.00334809378,6.75003778159889,84.4717687145197
333.221562674445,15.7893234628208,333.753480335359,6.75596733439854,84.4700169273545
333.181993534065,19.6688468984169,333.444717223004,8.42270140839335,84.4678545422848
333.181136050489,19.6764731357489,333.132932595274,8.43383679396433,84.4656711835175
333.101020594649,27.5800344563097,332.701250425202,11.8339068624144,84.4626525506126
333.099258744803,27.646604728834,332.262859343245,11.8780575733356,84.4595872867259
333.17634111936,19.8581437965525,331.941944288048,8.54211939444168,84.4573430927405
333.174897399633,19.9234614598675,331.625059635574,8.57836750202101,84.4551310258352
333.251866734838,12.1768197179104,331.425965859122,5.24733114400188,84.4537397337039
333.251264637709,12.1886385521432,331.231693011974,5.25549041613347,84.4523850878462
333.365995206316,0.709822760870565,331.22400847735,0.306176857604789,84.4522552099684
333.365869250033,0.71960104066893,331.212689819164,0.310405110657705,84.4521763263969
333.37306468788,-0,332.085457430665,-24.3374221972196,84.4540029262678
333.37306468788,-0,332.980508872477,-24.0416464948936,84.4558829165068
333.37306468788,-0,334.03506918086,-28.4675166090599,84.458096897175
333.37306468788,-0,335.079918283632,-28.0352856465389,84.4602915455256
333.37306468788,-0,335.433619565443,-8.90995887318735,84.4610386349768
333.37306468788,-0,335.763008581287,-8.92944088106971,84.4617304644443
333.37306468788,-0,338.48660639696,-74.6118491305758,84.4674365912988
333.37306468788,-0,341.17963207268,-71.1995163734001,84.4730936479999
333.37306468788,-0,344.15886599072,-79.4399806105174,84.4793492897792
333.37306468788,-0,347.026280804066,-75.5684714301397,84.4853727261379
333.37306468788,-0,350.788645239113,-99.6452853207664,84.4932697491547
333.37306468788,-0,354.341128894781,-93.1326042571593,84.500732651828
333.37306468788,-0,357.044329035424,-70.1994086447164,84.50641535653
333.37306468788,-0,359.562564298425,-66.1708933471268,84.5117054264195
333.37306468788,-0,361.919765071762,-61.8753627243675,84.5166573252933
333.37306468788,-0,364.114820622563,-57.5194756969808,84.5212686749292
333.37306468788,-0,366.210147805456,-54.4005470156171,84.5256702885475
333.37306468788,-0,368.14677944867,-50.2042063183414,84.5297388213737
333.37306468788,-0,370.014653818649,-48.0096596962523,84.5336625008493
333.37306468788,-0,371.705978601131,-42.9290378723124,84.5372159960715
333.37306468788,-0,372.974911785528,-32.2977484005799,84.5398835355892
333.37306468788,-0,374.110729206106,-29.2497892678077,84.5422698229046
333.37306468788,-0,375.356006783524,-31.1269621371312,84.5448849360171
333.37306468788,-0,376.395559554488,-25.3670954751137,84.5470696277494
333.37306468788,-0,377.212138216042,-19.5293870805258,84.5487860118428
333.37306468788,-0,377.799674578231,-13.3508306129516,84.5500214005848
333.37306468788,-0,378.158916059624,-7.18743524715023,84.5507772857996
333.37306468788,-0,378.290265057088,-1.03078944962473,84.5510545145066
333.368694926982,0.436788164957233,378.311722483683,0.164956851169342,84.5510961686883
333.343640905648,2.93653123485911,378.291719779366,1.10899554924801,84.55094366376
333.372998435741,-0,378.289099115732,-6.3369676849981e-05,84.550922693246
333.372998435741,-0,378.289101009327,-2.94964824428861e-05,84.5509226972307
333.372998435741,-0,378.289101732077,-1.11381336557163e-05,84.5509226987527
333.372998435741,-0,378.289102005508,-4.79536838137924e-06,84.5509226993284
333.372998435741,-0,378.289102106905,-1.75747105828568e-06,84.5509226995421
333.372998435741,-0,378.289102144526,-6.55726667373343e-07,84.5509226996213
333.372998435741,-0,378.289102158695,-2.49185253943468e-07,84.5509226996512
333.372998435741,-0,378.289102164147,-9.71753011956121e-08,84.5509226996626
333.372998435741,-0,378.289102166312,-3.93347583651894e-08,84.5509226996672
333.372998435741,-0,378.289102167211,-1.67278709609728e-08,84.5509226996691
333.272612618482,10.0075360729092,378.179517546634,3.77962575861444,84.5500860705883
333.234269643968,13.7941088103285,378.011475243399,5.21143253098621,84.5487998973182
333.119313606745,25.2016570299526,377.701159926952,9.52567427662045,84.546426672808
333.060456110207,30.9754580047703,377.306706893438,11.7181634016882,84.5434089941657
333.001809229273,36.704372322879,376.827914780895,13.9005737228034,84.5397482966324
332.938585294856,42.8665267430928,376.262230274163,16.2555315611745,84.5354268153547
333.367250562287,-0,374.076610986939,62.3437620393266,84.5308463400973
333.367250562287,-0,371.589430700224,70.6846516064955,84.5256242074378
333.367250562287,-0,368.789538676432,79.2336070971957,84.5197453148384
333.367250562287,-0,365.66860230648,88.0227886719445,84.5131921679134
333.367250562287,-0,362.217033431897,97.0878136879398,84.5059446359353
333.367250562287,-0,358.42384638382,106.468498285438,84.4979796538298
333.367250562287,-0,354.276485524633,116.209766383254,84.4892708601507
333.367250562287,-0,349.76061503658,126.362781045017,84.4797881558095
333.367250562287,-0,345.84574946684,108.094157381343,84.4715615462869
333.367250562287,-0,341.730086256925,115.08235322561,84.4629187255729
333.367250562287,-0,340.293113237693,36.0698361882876,84.4598832569996
333.367250562287,-0,338.952658968849,36.5398605072943,84.4570679307068
332.707261391804,65.7485281486086,337.971403596003,27.7373692305973,84.4501084697191
332.683200503643,67.8887461781942,336.925483391135,28.7270270352238,84.4427131216543
333.362087965425,-0,333.930939482511,81.2488948542693,84.4364350277796
333.362087965425,-0,330.867121986234,84.1515647555492,84.4300005607091
333.362087965425,-0,328.534608369347,62.7290015542017,84.4250967602117
333.362087965425,-0,326.181754691675,64.2357258033053,84.4201552633502
333.211579843151,14.9865442725458,325.925766829307,6.56628375812214,84.4183483668958
333.210123600032,15.0725107378875,325.682347569991,6.60886087550106,84.4166706847173
333.273453511631,8.70384239716097,325.536960745708,3.81883495922849,84.4156671659572
333.272761441792,8.7383710991692,325.395296386309,3.83564556278997,84.4146916205243
333.335627934807,2.44096903785739,325.351640626462,1.07179889860409,84.4143890943056
333.335417947268,2.45225245374848,325.311929006912,1.07688370026873,84.4141157424913
333.359934418101,-0,325.344236048224,-0.894716920419521,84.4141713310925
333.359934418101,-0,325.37738931984,-0.89137722225928,84.4142409654511
333.359934418101,-0,325.562217160197,-5.13711342600993,84.4146282389998
333.359934418101,-0,325.752081364347,-5.11882493401842,84.4150270251637
333.359934418101,-0,326.38339137622,-17.3375058315723,84.4163503223195
333.359934418101,-0,327.021294204392,-17.1143843526717,84.4176901933608
333.359934418101,-0,330.479833693889,-92.1504562886183,84.4249379084811
333.359934418101,-0,333.789482594382,-87.0031798972653,84.4318904728278
333.359934418101,-0,337.152160009184,-87.9763283314275,84.4389530745616
333.359934418101,-0,340.270081752302,-81.3932105878067,84.4455032585561
333.359934418101,-0,343.121207447916,-73.0166691818863,84.4514934692736
333.359934418101,-0,345.708489205528,-66.9961444796452,84.456928997837
333.359934418101,-0,348.036004830487,-60.0315647406596,84.4618191322975
333.359934418101,-0,350.107765127461,-53.1653784452648,84.4661720683136
333.359934418101,-0,351.927143753521,-46.3838956864637,84.4699948947616
333.359934418101,-0,353.497027105943,-39.6744016258127,84.4732936768857
333.359934418101,-0,354.819847237045,-33.0249912101146,84.4760735254673
333.359934418101,-0,355.897608821462,-26.4244176956139,84.4783386534988
333.359934418101,-0,356.731910885009,-19.8619585175305,84.4800924218511
333.359934418101,-0,357.323963826992,-13.3272939119764,84.4813373750537
333.359934418101,-0,357.674602141565,-6.81039469612389,84.4820752680381
333.359934418101,-0,357.784284596987,-0.30052632754214,84.4823070667329
333.357236545143,0.269543334059293,357.802598834337,0.107626225810761,84.4823408528908
333.339820367281,2.00657670903776,357.78548747953,0.801203320294807,84.4822154355039
333.359879634429,-0,357.783156316049,-7.09958700913922e-05,84.482197655659
333.359879634429,-0,357.783158328376,-3.44777198456481e-05,84.4821976598936
333.359879634429,-0,357.783159108198,-1.20979477211124e-05,84.4821976615364
333.359879634429,-0,357.783159400099,-5.04100199816398e-06,84.4821976621511
333.359879634429,-0,357.783159507275,-1.85409307168991e-06,84.4821976623768
333.359879634429,-0,357.78315954686,-6.88160177680349e-07,84.4821976624603
333.359879634429,-0,357.783159561672,-2.59460757242091e-07,84.4821976624914
333.359879634429,-0,357.783159567317,-1.0002126860731e-07,84.4821976625033
333.359879634429,-0,357.783159569528,-3.98348507027267e-08,84.482197662508
333.359879634429,-0,357.783159570429,-1.6588421687203e-08,84.4821976625099
333.359879634429,-0,357.783159570814,-7.3047003048235e-09,84.4821976625107
333.359879634429,-0,357.78315957099,-3.42472522564807e-09,84.4821976625111
333.359879634429,-0,357.783159571075,-1.70886434545471e-09,84.4821976625113
333.359879634429,-0,357.783159571118,-9.00774596823975e-10,84.4821976625113
333.359879634429,-0,357.783159571141,-4.95864945918498e-10,84.4821976625114
333.359879634429,-0,357.783159571155,-2.81690591354399e-10,84.4821976625114
333.359879634429,-0,357.783159571178,-2.46225523746105e-09,84.4821976625115
333.359879634429,-0,357.783159571251,-1.59501126049536e-09,84.4821976625116
333.359879634429,-0,357.783159571295,-9.42286977528378e-10,84.4821976625117
333.359879634429,-0,357.78315957132,-5.67568462279924e-10,84.4821976625118
333.359879634429,-0,357.783159571336,-3.4177539928977e-10,84.4821976625118
333.359879634429,-0,357.783159571345,-2.05812679632802e-10,84.4821976625118
333.359879634429,-0,357.783159571351,-1.23950848353186e-10,84.4821976625118
333.359879634429,-0,357.783159571354,-7.46545077118843e-11,84.4821976625119
333.359879634429,-0,357.783159571357,-4.49655592551859e-11,84.4821976625119
333.359879634429,-0,357.783159571357,-2.70854399393911e-11,84.4821976625119
333.359879634429,-0,357.783159571357,-1.63160371464191e-11,84.4821976625119
333.359879634429,-0,357.783159571357,-9.83044327236348e-12,84.4821976625119
333.359879634429,-0,357.783159571357,-5.92433163464581e-12,84.4821976625119
333.359879634429,-0,357.783159571357,-3.57149758794792e-12,84.4821976625119
333.359879634429,-0,357.783159571357,-2.15437559615839e-12,84.4821976625119
333.359879634429,-0,357.783159571357,-1.30051976750456e-12,84.4821976625119
333.359879634429,-0,357.783159571357,-7.86720377706176e-13,84.4821976625119
333.359879634429,-0,357.783159571357,-4.77056680872273e-13,84.4821976625119
333.359879634429,-0,357.783159571357,-2.90529202383439e-13,84.4821976625119
333.359879634429,-0,357.783159571357,-1.78166937926199e-13,84.4821976625119
333.204462409346,15.4929427365956,357.601229682123,6.18676175114291,84.4808632221027
333.142135631093,21.6520550435333,357.327451193268,8.65122809799241,84.4788505082867
333.087403356035,27.0278769975046,356.964822865342,10.8083209914428,84.4761850993185
333.024810813931,33.1653438689055,356.511035482141,13.2769829607145,84.4728517457877
333.35646425262,-0,354.686456334102,52.7222950211638,84.4690281270477
333.35646425262,-0,352.548594279419,61.3534821233194,84.4645397501651
333.35646425262,-0,350.087563631995,70.1790457426949,84.4593726472378
333.35646425262,-0,347.295497314236,79.2331695977631,84.4535103021043
333.35646425262,-0,344.163196672609,88.5535575670916,84.4469334025933
333.35646425262,-0,340.679986165064,98.1822329238554,84.4396195354902
333.35646425262,-0,336.833535005378,108.166522906737,84.4315428121432
333.35646425262,-0,332.609637905901,118.560284898213,84.4226734082139
333.35646425262,-0,327.991944505264,129.425454862296,84.4129769957187
333.35646425262,-0,322.961623521967,140.834029427268,84.4024140380669
333.35646425262,-0,317.496942726294,152.870639062581,84.3909389084166
333.35646425262,-0,311.572738736449,165.635939861579,84.3784987768017
333.35646425262,-0,308.529774180758,79.8657617097721,84.3720886755577
333.35646425262,-0,305.529825687487,82.3154086273416,84.3657882567615
333.35646425262,-0,302.595827365473,80.3479965907518,84.3596253887084
332.609731071441,74.6673813591018,299.642289186739,-0,84.3532882501397
332.02456638178,132.675970243789,299.642289186739,-0,84.3433611675715
331.966406556443,137.954309241309,299.642289186739,-0,84.332854560357
332.402024819468,94.0143352126367,299.642289186739,-0,84.3254661901873
332.37696449194,96.1420241179565,299.642289186739,-0,84.318075125638
332.831740946147,50.456945534983,299.642289186739,-0,84.3140233372195
332.825847019081,50.8450990921423,299.642289186739,-0,84.3100928630803
332.492320919538,83.8731657990834,299.642289186739,-0,84.3037547701283
332.472988293423,85.4695894955822,299.642289186739,-0,84.2971774365434
332.953954048064,37.2169662016909,299.642289186739,-0,84.294130651543
332.950328378643,37.4311265862806,299.642289186739,-0,84.2912332393844
332.834830740972,48.7897882929894,299.642289186739,-0,84.2875025200935
332.829527425967,49.1253174583524,299.642289186739,-0,84.2836998619721
332.823821437079,49.4995168460421,299.642289186739,-0,84.2798663311709
332.817628171081,49.9207674366456,299.642289186739,-0,84.2760003866259
333.147770496591,16.8341529005062,299.642289186739,-0,84.274587750364
333.14623714564,16.9203807417221,299.642289186739,-0,84.273278095044
333.033879319295,28.0466217540425,299.642289186739,-0,84.271140373601
333.032547007673,28.0681831387447,299.642289186739,-0,84.2689612188901
333.030815957566,28.1293632223621,299.642289186739,-0,84.2667771844064
333.029126390119,28.1861583375314,299.642289186739,-0,84.2645886307625
333.193505038249,11.6989280245677,299.642289186739,-0,84.2636254181417
333.193015430413,11.7013135127718,299.642289186739,-0,84.2627166653205
333.247053146429,6.27170316003727,299.642289186739,-0,84.2622125205359
333.246970980922,6.254955620982,299.642289186739,-0,84.2617254464652
332.917933247259,39.0090988510553,299.642289186739,-0,84.2588061182012
332.915647478316,39.0821320400732,299.642289186739,-0,84.2557716027127
333.080637220409,22.4904118218378,299.642289186739,-0,84.2539623041902
333.079495135258,22.514971608683,299.642289186739,-0,84.2522134925747
333.296326649464,0.822732875681779,299.666977827106,-0,84.2520880813946
333.296029199193,0.849191709169174,299.666977827106,-0,84.2520239778213
333.134953454904,16.8919525148799,299.666977827106,-0,84.250759680041
333.134693017647,16.8507269778222,299.666977827106,-0,84.2494475161454
333.134682937619,16.7847518683624,299.666977827106,-0,84.2481409695981
333.134601929974,16.7261181778062,299.666977827106,-0,84.2468393086403
333.188343143551,11.3059963326341,299.666977827106,-0,84.2459420859607
333.188321274075,11.2632227626167,299.666977827106,-0,84.2450651637272
333.080770632013,21.9326634144594,299.666977827106,-0,84.2433951828265
333.080510646608,21.8714459363896,299.666977827106,-0,84.2416942026477
333.079988405105,21.8366046962594,299.666977827106,-0,84.2399962203303
333.079325948766,21.8158849199454,299.666977827106,-0,84.2383002478536
333.078580082362,21.8035643846173,299.666977827106,-0,84.236605470938
333.07778493026,21.7962060016571,299.666977827106,-0,84.2349114087508
333.076960210557,21.7918231655488,299.666977827106,-0,84.2332177727083
333.076117775006,21.7892218419283,299.666977827106,-0,84.231524390034
333.075264718545,21.7876872331614,299.666977827106,-0,84.2298311572859
333.074405290399,21.7867912405538,299.666977827106,-0,84.2281380125268
333.180865256338,11.0948591806434,299.666977827106,-0,84.2272424072398
333.180650682296,11.0721573912606,299.666977827106,-0,84.2263814497567
333.019754829694,27.0563001328512,299.666977827106,-0,84.2243257336478
333.018617813253,27.062131010188,299.666977827106,-0,84.2222227673718
333.017465822438,27.069443472221,299.666977827106,-0,84.2201195842571
333.016103482565,27.0977006938577,299.666977827106,-0,84.2180147361269
332.90466455844,38.0918564856467,299.666977827106,-0,84.2150959939326
332.902019267216,38.2043008440535,299.666977827106,-0,84.2121316623389
333.225591448495,5.8173845366786,299.680636305867,-0,84.2115815148855
333.225087634227,5.84458149859408,299.680636305867,-0,84.2111296407908
333.171503820825,11.1593650141707,299.680636305867,-0,84.2102799140338
333.171356012908,11.1297065583151,299.680636305867,-0,84.2094138033369
333.064685616432,21.7117964054116,299.680636305867,-0,84.2077581948229
333.064160441333,21.6778076242658,299.680636305867,-0,84.2060723101935
333.063638221377,21.6436696382046,299.680636305867,-0,84.2043893360352
333.062979820201,21.6232483757399,299.680636305867,-0,84.2027083423712
333.169155292068,10.9601907676478,299.680636305867,-0,84.2018214949575
333.168831258989,10.9488885926691,299.680636305867,-0,84.2009698352543
333.168727308654,10.9156684187124,299.680636305867,-0,84.2001199497654
333.16866847911,10.8780908133883,299.680636305867,-0,84.1992730927217
333.11610625831,16.0710291960724,299.680636305867,-0,84.1980399957955
333.116194397928,15.9982834354824,299.680636305867,-0,84.1967943026629
333.276150853445,-0,300.819929190645,-31.5283752609394,84.1991289145189
333.276150853445,-0,301.978528584271,-30.9951760892421,84.2015625009442
333.276150853445,-0,304.004253377887,-54.8100494894697,84.2058120222938
333.276150853445,-0,306.006126944847,-53.447443530599,84.2100169652794
333.276150853445,-0,308.592817110544,-68.9624120045445,84.2154465317651
333.276150853445,-0,311.100181907874,-66.4154241177687,84.2207134451437
333.276150853445,-0,313.797340087202,-71.8766585691609,84.2263772369167
333.276150853445,-0,316.39990415702,-68.7311355741825,84.2318442336954
333.276150853445,-0,319.39113819327,-79.4898537322917,84.2381245281004
333.276150853445,-0,322.24994029919,-75.2802659548083,84.2441299488097
333.276150853445,-0,325.473330532325,-84.9981920545522,84.250898081643
333.276150853445,-0,328.498393859106,-78.4594395412593,84.2572532203122
333.276150853445,-0,331.01759919396,-65.6088295799087,84.2625472610675
333.276150853445,-0,333.353398145539,-61.0299376097687,84.2674542706254
333.276150853445,-0,335.935877865581,-66.7767673710567,84.2728771343795
333.276150853445,-0,338.28648952616,-60.5322327871812,84.2778156209062
333.276150853445,-0,340.380061918004,-53.6678605841785,84.2822143696587
333.276150853445,-0,342.213628383529,-46.6844940992816,84.2860670398437
333.276150853445,-0,343.619827083194,-35.1526926026207,84.2890230829668
333.276150853445,-0,344.835721962537,-30.5840400146569,84.2915778946031
333.276150853445,-0,345.897354549018,-26.2660559363175,84.2938086457877
333.276150853445,-0,346.754243542211,-20.2435055032106,84.2956097363802
333.276150853445,-0,347.389932136975,-14.5465803822898,84.2969461563357
333.276150853445,-0,347.807378924231,-7.84458165499761,84.2978244113683
333.276150853445,-0,347.990266730761,-2.15935051598806,84.2982097865394
333.253990377256,2.21376493937792,348.001696821848,0.90854800646697,84.2981899893929
333.275563839668,0.055874102646422,348.004755634072,0.0229325477301916,84.2981856087703
333.269174851049,0.693495068947074,347.999862797696,0.284631261736274,84.2981504903781
333.27610795995,-0,347.999192712618,-6.34127776206091e-05,84.2981454319543
333.27610795995,-0,347.999194355761,-2.71232651636798e-05,84.2981454354134
333.27610795995,-0,347.999194981875,-9.76617226178733e-06,84.2981454367323
333.27610795995,-0,347.999195208299,-3.85133960865692e-06,84.2981454372091
333.27610795995,-0,347.99919528292,-1.23566331911522e-06,84.2981454373664
333.27610795995,-0,347.999195305037,-2.23464817706813e-07,84.2981454374131
333.27610795995,-0,347.999195307802,-8.98645703491966e-09,84.2981454374189
333.276107958616,1.32935775751914e-07,347.999195306003,5.45620940860769e-08,84.2981454374061
333.27610795759,2.34974629642123e-07,347.99919530395,9.64428708366343e-08,84.2981454373913
333.276107958454,1.47871808058452e-07,347.999195301196,6.06924318035192e-08,84.2981454373713
333.252305758009,2.37330715104815,347.972772588634,0.974101393762651,84.2979554574315
333.241686751276,3.42335222982301,347.927585016426,1.40521885301307,84.2976296439128
333.162137354439,11.3397957493614,347.780655620846,4.65561150323951,84.2965716889072
333.134150517726,14.0875858473111,347.586665078555,5.78642733741527,84.295172889817
333.12959536167,14.4890061034603,347.38046950265,5.95475826177292,84.293685884754
333.103977364599,16.9882125256031,347.14166332229,6.98614397565553,84.2919650357324
333.180371233369,9.31137478698281,346.999074182936,3.83163891065019,84.2909352208928
333.173219889705,9.98807724791892,346.852322397557,4.11175081982489,84.2898783140907
333.054576338368,21.7718497158866,346.544079788088,8.96744416781113,84.2876620711818
333.032543852016,23.8839331355737,346.195547788429,9.84657383803269,84.2851542305792
333.124990539171,14.5808098813044,345.972301276507,6.01679441107328,84.2835457743126
333.117639579276,15.2562188719532,345.743764547472,6.2995214606693,84.2819031270123
333.134124180883,13.5541802698929,345.538583699262,5.60033298499238,84.2804283387009
333.127832684732,14.1280414303698,345.326633341001,5.8409111249208,84.2789062515408
333.049000327183,21.9275092253091,345.005038355855,9.07167683468334,84.2765998182291
333.037797786079,22.958078867217,344.660740839343,9.50717802162987,84.2741299055443
332.900409532272,36.5581490223706,344.127090280439,15.1562142998232,84.2703077590889
332.875763157217,38.8721378941019,343.547386339662,16.1414337719307,84.2661563872349
333.264484536158,-0,341.55422927082,55.5173527003899,84.2619786798747
333.264484536158,-0,339.438704602759,58.7335405380684,84.2575360327226
333.264484536158,-0,337.484327675711,53.7901177123598,84.2534300647839
333.264484536158,-0,335.442684554011,56.7398375247563,84.2491425366812
333.264484536158,-0,333.725561244856,46.7629212005228,84.2455337823768
333.264484536158,-0,331.963983952145,48.4082233257742,84.2418342059639
332.958954277242,30.4324471299227,331.486730666797,13.1000585783587,84.2384758275148
332.949820544734,31.22280364344,330.995356379096,13.4598109692371,84.2350482462047
332.987853678502,27.3105875429018,330.559933766668,11.7901954137831,84.2320126914877
332.980387186873,27.9469097667589,330.118047915008,12.0807712593664,84.228936353368
332.948127300014,31.0507616882158,329.628130169625,13.4410968429179,84.2255295171739
332.939325921836,31.8055458125168,329.124700112126,13.7885074555536,84.2220315639776
332.931631084106,32.4467306251264,328.608689104887,14.0882298732729,84.2184499599336
332.922823516885,33.196195768147,328.079839497531,14.4364845497608,84.2147832720998
332.967077897223,28.6560725923517,327.617387443312,12.4813632192421,84.2115789445328
332.960104428623,29.2377942670161,327.150272974898,12.7526440166776,84.2083471175191
332.981356714236,27.0049040999567,326.714852248127,11.795200309508,84.2053367048029
332.976063840199,27.425418732833,326.274249050819,11.9948525058558,84.2022941245294
333.05380739178,19.5718311529197,325.953246510729,8.57048377700454,84.2000769990619
333.050712779134,19.8026628413899,325.634012595901,8.67998288969674,84.1978761454445
333.130448769843,11.7806736986401,325.437731590673,5.1681448381419,84.1965213208894
333.129300737456,11.8482846531809,325.245832796726,5.20085397100115,84.1951998071786
333.155175689276,9.22358223110544,325.094570960075,4.05094117482515,84.1941577295826
333.154463513796,9.25788707710187,324.944317644608,4.06787659718929,84.1931237690236
333.153869055321,9.28030973564371,324.793547878345,4.07961450246447,84.192086583163
333.153354277699,9.2946921422835,324.642416899919,4.08783271164115,84.1910472442672
333.152897070436,9.30327429068591,324.491042084451,4.09351020855984,84.190006562415
333.152474,9.30841663407379,324.339492715945,4.09768138946934,84.1889650161598
333.152071364054,9.31149964570601,324.187810263263,4.10095144158053,84.1879228920224
333.151680960877,9.31334962917352,324.036019527796,4.10368277754631,84.1868803615008
333.151297879056,9.31446139666328,323.884135324739,4.10609252231869,84.1858375272005
333.1509191781,9.31513119492344,323.732166487775,4.10831073249998,84.1847944504758
332.983984545222,25.9081697143417,323.321011249512,11.4350344979117,84.1819783512918
332.980668991186,26.135735448051,322.895515098042,11.5505716881608,84.1790612664753
333.091087788759,15.0318995328739,322.642194123897,6.6507759987552,84.1773226346381
333.089613948823,15.1190775957431,322.395333659137,6.69443913143375,84.1756327391196
333.08820630855,15.1992765181956,322.14681719134,6.73511225627382,84.1739324052876
333.086764522857,15.2825451350466,321.896699367662,6.77724216005827,84.1722220281426
333.239548791782,-0,321.964438885441,-1.72016303950849,84.1722823203985
333.239548791782,-0,322.027423182629,-1.65280533817185,84.1724146245188
333.239548791782,-0,322.087348148712,-1.592023916162,84.1725405015177
333.239548791782,-0,322.145671687286,-1.56631221650833,84.1726630072654
333.197796191601,4.15928433550018,322.081731030176,1.84406412085029,84.1722186427042
333.198006340269,4.12171389838123,322.013735077449,1.82779394931558,84.1717537297869
333.144742715624,9.4112912463539,321.862379113394,4.17475522157896,84.1707206848686
333.144710751162,9.37698062677231,321.708233423866,4.16152811061888,84.1696672287084
333.144577737476,9.35288508391499,321.554468788539,4.15281774668978,84.1686167279803
333.14435151068,9.3381834019244,321.400931088863,4.14826793278126,84.1675681272462
333.237713574393,-0,321.719897269124,-8.95366485491605,84.1681967367619
333.237713574393,-0,322.049590839157,-8.83355959085091,84.1688892364918
333.237713574393,-0,323.226150411873,-32.2015423477548,84.1713553076941
333.237713574393,-0,324.399356926225,-31.1967760252573,84.1738196775971
333.237713574393,-0,327.50901910118,-82.1067058987724,84.1803399139107
333.237713574393,-0,330.424506740998,-75.7855590677119,84.1864648570925
333.237713574393,-0,333.070318986838,-68.5095201277105,84.1920235955837
333.237713574393,-0,335.445604431345,-61.2578936171373,84.1970141265113
333.237713574393,-0,337.554764288917,-54.1170035261891,84.2014456750684
333.237713574393,-0,339.401597101413,-47.0713603542489,84.2053262229344
333.237713574393,-0,340.989338747592,-40.106295774031,84.2086625698166
333.237713574393,-0,342.320703905515,-33.2081643373197,84.2114604204922
333.237713574393,-0,343.397918151615,-26.3641098704054,84.2137244522782
333.237713574393,-0,344.2227439067,-19.561899961629,84.215458369564
333.237713574393,-0,344.796500595164,-12.7897770690193,84.2166649461854
333.237713574393,-0,345.120079521481,-6.03631928453566,84.2173460567011
333.232546960112,0.516290192210829,345.197302569634,0.213597866506675,84.2175024001202
333.170654359615,6.69093233279407,345.141022830703,2.76807238009423,84.217100375862
333.237544702268,-0,345.134038864547,-5.27503789601364e-05,84.2170481755558
333.237544702268,-0,345.134040848284,-3.18686118862834e-05,84.2170481797269
333.237544702268,-0,345.134041617144,-1.18088947024053e-05,84.2170481813462
333.237544702268,-0,345.134041901882,-5.03738755157005e-06,84.2170481819457
333.237544702268,-0,345.134042005159,-1.62034978982229e-06,84.2170481821634
333.237544702268,-0,345.134042042888,-6.59124003977829e-07,84.2170481822428
333.237544702268,-0,345.13404205682,-2.4310749111273e-07,84.2170481822722
333.237544702268,-0,345.134042061983,-9.05866588333123e-08,84.2170481822831
333.237544702268,-0,345.134042063923,-3.43020743565463e-08,84.2170481822871
333.237544702268,-0,345.134042064666,-1.33095296695891e-08,84.2170481822887
333.237544702268,-0,345.13404206496,-5.34901978411354e-09,84.2170481822893
333.237544702268,-0,345.13404206508,-2.25370125613624e-09,84.2170481822896
333.237544702268,-0,345.134042065133,-1.0060141615993e-09,84.2170481822897
333.237544702268,-0,345.134042065156,-4.78317957123622e-10,84.2170481822897
333.237544702268,-0,345.134042065168,-2.41723066189499e-10,84.2170481822898
333.237544702268,-0,345.134042065175,-1.28722980513313e-10,84.2170481822898
333.237544702255,1.30593675757139e-09,345.134042065173,5.40395207478755e-10,84.2170481822898
333.23754470226,7.59195764664707e-10,345.134042065159,3.14154380282519e-10,84.2170481822897
333.237544702263,4.62023752096027e-10,345.13404206515,1.91184925247363e-10,84.2170481822897
333.237544702265,2.78807140954074e-10,345.134042065145,1.15370091169378e-10,84.2170481822897
333.237544702266,1.68000704257403e-10,345.134042065142,6.95185083867317e-11,84.2170481822897
333.237544702267,1.01221846081782e-10,345.134042065139,4.18854896285163e-11,84.2170481822897
333.237544702267,6.09813765784222e-11,345.134042065139,2.52340271895898e-11,84.2170481822897
333.237544702268,3.67365377271125e-11,345.134042065139,1.5201539287412e-11,84.2170481822897
333.237544702268,2.2130879287924e-11,345.134042065139,9.15773373798533e-12,84.2170481822897
333.237544702268,1.33324893596239e-11,345.134042065139,5.51696957140701e-12,84.2170481822897
333.237544702268,8.03261294458375e-12,345.134042065139,3.32388648502238e-12,84.2170481822897
333.237544702268,4.83999367556187e-12,345.134042065139,2.00278410982586e-12,84.2170481822897
333.237544702268,2.91700329618798e-12,345.134042065139,1.20705278591852e-12,84.2170481822897
333.237544702268,1.7586936106723e-12,345.134042065139,7.27745500018214e-13,84.2170481822897
333.237544702268,1.06076737253739e-12,345.134042065139,4.38944383061202e-13,84.2170481822897
333.237544702268,6.40577599967388e-13,345.134042065139,2.65070312964023e-13,84.2170481822897
333.081402855848,15.5652925521107,344.946008621902,6.44130373573596,84.2157035237439
333.019813413738,21.6503247208081,344.662362852491,8.96510756130908,84.2136704914633
332.964957220104,27.0378210463663,344.28564329007,11.2063475472757,84.2109709936457
332.902333650346,33.1775421245728,343.814367956421,13.7672566178315,84.2075962342469
333.234109071592,-0,341.919517221272,54.6904332486031,84.2036253441307
333.234109071592,-0,339.698770954693,63.6736726250412,84.1989629581644
333.234109071592,-0,337.291663466295,68.4686318638802,84.1939082296815
333.234109071592,-0,334.60464665811,77.025469100595,84.1882664167886
333.234109071592,-0,333.006588254123,42.8281303694587,84.1849024330765
333.234109071592,-0,331.377863223776,45.2885875638674,84.181482072167
333.234109071592,-0,329.842005288459,42.2939814229661,84.1782555696058
333.234109071592,-0,328.242720841345,44.3202142017988,84.1748969492002
333.234109071592,-0,326.962554654896,34.6466547065229,84.1722060262825
333.234109071592,-0,325.660066152204,35.6859420993613,84.1694705663161
333.177382845829,5.64683034205255,325.559414370928,2.47668590139913,84.1687501966457
333.176803916943,5.68214943814579,325.46771040765,2.49287360618552,84.1681185085051
333.176162566389,5.72350420355537,325.375142164457,2.51172669605304,84.1674809931707
333.175719001738,5.74494619105457,325.282004017158,2.52185435502702,84.1668396730074
333.079579423599,15.2996478626714,325.040665320753,6.71905212104378,84.1651811505155
333.077280514689,15.4680294522523,324.790416317249,6.79819000445994,84.1634592156088
333.134138156365,9.74244866078067,324.62856679946,4.28469487945839,84.1623443158967
333.133190979638,9.79812008583109,324.469510198511,4.31127498471232,84.1612508344321
333.170948075162,5.99783319377893,324.369520559808,2.64023190159856,84.1605624550408
333.170508328283,6.01779795654123,324.271638043894,2.64981639827582,84.1598899097941
333.207981532635,2.26081902327669,324.232423981835,0.99574250817249,84.1596193409152
333.207841474602,2.26578866410674,324.195570019407,0.998044175455315,84.1593661962164
333.230495176346,-0,324.354600991067,-4.42598558039409,84.159690890033
333.230495176346,-0,324.517014383428,-4.34777033277272,84.1600320328908
333.189977520168,4.03608662421583,324.46000892498,1.77628517657537,84.1596087137035
333.190063583927,4.01139822228754,324.394467410199,1.76577697682335,84.1591582851003
333.225997395483,0.415487365772527,324.387620759624,0.182917597888895,84.1590943599687
333.226044350515,0.409154875452572,324.380947890759,0.180133449796074,84.1590485077212
333.098524524982,13.111082077064,324.176329485923,5.77361006147669,84.1576464923591
333.097163720522,13.194593043301,323.961908572908,5.81420642188389,84.1561737981908
333.152710438923,7.60850069909816,323.833925005636,3.35459598971665,84.1552934095563
333.152177720226,7.63133809736463,323.70965880384,3.36594997998313,84.1544405531617
333.188752161517,3.95754954601896,323.643067423181,1.7461114701774,84.1539824875071
333.188587946775,3.95816322066227,323.57848534139,1.74672953299597,84.1535394347682
333.228160382768,-0,323.648399244075,-1.93163351141966,84.1536675892117
333.228160382768,-0,323.719286515196,-1.88727495746527,84.1538164873394
333.189026707499,3.89844264743717,323.660335803356,1.71994226919599,84.1534032245559
333.189102345187,3.87533380759181,323.596832420161,1.71008289921428,84.1529675482082
333.171289556794,5.63440047583243,323.50599439109,2.4868735289829,84.1523449844965
333.171256080895,5.61528413748705,323.414184706167,2.47913944941637,84.1517153162783
333.152986502194,7.41295304635985,323.294365649653,3.27383503697923,84.1508942806672
333.152656943098,7.41628852826963,323.173230919167,3.27653251989335,84.1500638693634
333.095897616992,13.0413111673395,322.964703674055,5.76438490285653,84.1486364763455
333.094245840988,13.1541743493972,322.750551650549,5.81809979289555,84.1471694473481
333.052544140962,17.256642620362,322.473056653619,7.63820388796095,84.1452705909438
333.049484945269,17.4931281844442,322.188409002598,7.74964548050944,84.1433226915844
332.98224682816,24.1226887960649,321.801414825253,10.6972316632663,84.1406779713633
332.977375374153,24.5127833387448,321.402761076092,10.8835382200701,84.1379537938091
333.222503207541,-0,320.257280325084,30.9596446989289,84.1355522777352
333.222503207541,-0,319.099713117617,31.5963433687446,84.1331211156511
332.937191565768,28.4201644023634,318.641914318885,12.7261314327992,84.1299974265921
332.928908450387,29.1334821595034,318.164909986853,13.0647670886734,84.1267600613762
333.220243271982,-0,316.769817497002,37.6468624945899,84.1238352596287
333.220243271982,-0,315.357292288565,38.6744377602998,84.1208686809937
333.220243271982,-0,314.789731552083,14.4195946454071,84.1196712867129
333.220243271982,-0,314.253830651161,14.549058143416,84.1185457331588
333.123065305906,9.67921389148918,314.092612349584,4.39952502861071,84.1174548411103
333.122129203446,9.73399532098275,313.929216446805,4.42671511930348,84.1163568332048
333.050235635103,16.8574812440108,313.651560014949,7.67132443906137,84.1144938769944
333.048278111319,16.9856453678341,313.366761577671,7.73662619605855,84.1125818747657
333.046290204422,17.1162561569181,313.079217364401,7.80322915432644,84.1106526413052
333.043993507498,17.2771134325313,312.788746215983,7.88382187425323,84.1087050054346
333.041635400946,17.4434525134573,312.495228871424,7.96714325450496,84.1067381973954
333.039236149101,17.6132304279067,312.19858718703,8.0522718656712,84.1047517324943
333.111225666421,10.3715893097522,312.018242400676,4.7454011549217,84.1035424983663
333.110125319969,10.440012837531,311.842011338637,4.77939256309199,84.1023636080017
333.133679010252,8.05207157748382,311.70410197357,3.68810325074405,84.1014406487148
333.133079891046,8.07972027431429,311.567327581667,3.70238502243973,84.100526329571
333.132583226088,8.09703707440531,311.430128817431,3.71194905910937,84.099609445691
333.132147374013,8.10821651953185,311.292633936722,3.71871094113858,84.0986908578606
333.082380565146,13.0337815468427,311.075430340579,5.98099495802143,84.097241736565
333.081626083579,13.0570965451936,310.853993625128,5.9959481648199,84.0957634822143
332.871624371422,33.926191816117,310.295915589915,15.5970665501246,84.0920461737186
332.865770253343,34.3748921204741,309.71384577911,15.8328157513857,84.0881670478426
333.209519174547,-0,307.127185153033,71.8017012675783,84.082746408917
333.209519174547,-0,304.421147747364,74.5934474585602,84.077063382599
333.209519174547,-0,302.409530373924,53.9643271847006,84.0728337518887
333.209519174547,-0,300.385287212184,55.4448729123887,84.0685824479012
332.86736050004,34.1452754645618,299.693536420749,-0,84.0657456652993
332.86261321586,34.4827565549259,299.693536420749,-0,84.063078853068
332.857555197433,34.8497945555535,299.693536420749,-0,84.0603827248685
332.852318475635,35.2331538919569,299.693536420749,-0,84.0576566545071
333.204574866876,-0,300.527260519194,-22.5652898892525,84.0592568291404
333.204574866876,-0,301.354308331251,-22.0335504680963,84.0609940393539
333.204574866876,-0,305.186815596567,-101.412549841971,84.0690262676582
333.204574866876,-0,308.792502754556,-93.7220965877643,84.0766011746627
333.204574866876,-0,312.106537724717,-86.2305350019522,84.0835634650634
333.204574866876,-0,315.12279405485,-78.2768277393707,84.0899004160054
333.204574866876,-0,317.848192180829,-70.4961669666015,84.095626423655
333.204574866876,-0,320.288670456399,-62.8651031586417,84.1007539657998
333.204574866876,-0,322.449359034989,-55.3629956570876,84.1052938221047
333.204574866876,-0,324.334657507235,-47.9709476674399,84.1092552374112
333.204574866876,-0,325.948296489816,-40.671576756643,84.1126460511469
333.204574866876,-0,327.293388092419,-33.4487333267965,84.1154728033847
333.204574866876,-0,328.372466718101,-26.2872569207715,84.1177408205923
333.204574866876,-0,329.187521438098,-19.1727619386544,84.1194542836771
333.204574866876,-0,329.740020888685,-12.0914457040033,84.1206162803211
333.204574866876,-0,330.030931341065,-5.02990611001309,84.1212288429735
333.196250559485,0.831916544740715,330.084715092598,0.359896247043581,84.121332999386
333.151968302973,5.2481037784405,330.036343572442,2.27040868920323,84.1209979401312
333.204433603701,-0,330.030283629274,-6.03409694469528e-05,84.1209541408896
333.204433603701,-0,330.030285730048,-3.5904016296585e-05,84.1209541453074
333.204433603701,-0,330.030286536442,-1.39947328163467e-05,84.1209541470059
333.204433603701,-0,330.030286837661,-5.22419216973899e-06,84.1209541476405
333.204433603701,-0,330.03028694704,-1.89903699238164e-06,84.1209541478709
333.204433603701,-0,330.030286987066,-6.96272692447108e-07,84.1209541479553
333.204433603701,-0,330.030287001787,-2.56935815754178e-07,84.1209541479863
333.204433603701,-0,330.030287007246,-9.58030509280597e-08,84.1209541479978
333.204433603701,-0,330.030287009298,-3.63139473024283e-08,84.1209541480021
333.204433603701,-0,330.030287010085,-1.41112791984523e-08,84.1209541480038
333.204433603701,-0,330.030287010397,-5.68309827479275e-09,84.1209541480044
333.204433603701,-0,330.030287010525,-2.40088510890162e-09,84.1209541480047
333.204433603701,-0,330.03028701058,-1.07503511034196e-09,84.1209541480048
333.204433603701,-0,330.030287010606,-5.12753040191443e-10,84.1209541480049
333.204433603701,-0,330.030287010619,-2.59864819675296e-10,84.1209541480049
333.204433603701,-0,330.030287010626,-1.38701660511123e-10,84.1209541480049
333.204433603688,1.25028954565451e-09,330.030287010625,5.40991932685013e-10,84.1209541480049
333.204433603693,7.25249472163136e-10,330.030287010611,3.1381060090281e-10,84.1209541480049
333.204433603696,4.41504732717638e-10,330.030287010602,1.91036147964816e-10,84.1209541480049
333.204433603698,2.66468378485532e-10,330.030287010597,1.15299086981393e-10,84.1209541480048
333.204433603699,1.60570603658317e-10,330.030287010594,6.94778273620206e-11,84.1209541480048
333.2044336037,9.6746845499059e-11,330.030287010591,4.18617136403572e-11,84.1209541480048
333.2044336037,5.82864664202794e-11,330.030287010591,2.52201645832243e-11,84.1209541480048
333.2044336037,3.51137534949251e-11,330.030287010591,1.51934865272372e-11,84.1209541480048
333.204433603701,2.11534411449995e-11,330.030287010591,9.15295264824665e-12,84.1209541480048
333.204433603701,1.27438421541529e-11,330.030287010591,5.51417535303775e-12,84.1209541480048
333.204433603701,7.67784734222998e-12,330.030287010591,3.32215324599846e-12,84.1209541480048
333.204433603701,4.6264700379295e-12,330.030287010591,2.0018426739855e-12,84.1209541480048
333.204433603701,2.78841594853805e-12,330.030287010591,1.20652895033193e-12,84.1209541480048
333.204433603701,1.6811929767737e-12,330.030287010591,7.27440968280098e-13,84.1209541480048
333.204433603701,1.01436444504492e-12,330.030287010591,4.38908717967898e-13,84.1209541480048
333.204433603701,6.12656265587255e-13,330.030287010591,2.65092272700859e-13,84.1209541480048
333.204433603701,3.70682572915391e-13,330.030287010591,1.60391872611556e-13,84.1209541480048
333.204433603701,2.24923635056624e-13,330.030287010591,9.73229540779211e-14,84.1209541480048
333.204433603701,1.37118778871645e-13,330.030287010591,5.93303794685082e-14,84.1209541480048
333.204433603701,8.42219724448361e-14,330.030287010591,3.6442284753833e-14,84.1209541480048
333.204433603701,5.2419627710851e-14,330.030287010591,2.26816226725153e-14,84.1209541480048
333.204433603701,3.3146547297296e-14,330.030287010591,1.43422895492697e-14,84.1209541480048
333.204433603701,2.15021949465302e-14,330.030287010591,9.30385608799557e-15,84.1209541480048
333.204433603701,1.45888532937928e-14,330.030287010591,6.31249934585078e-15,84.1209541480048
333.204433603701,1.03754326362908e-14,330.030287010591,4.48938037901657e-15,84.1209541480048
333.204433603701,7.82922613838012e-15,330.030287010591,3.38765383966609e-15,84.1209541480048
333.204433603701,6.28730014358232e-15,330.030287010591,2.72047276398465e-15,84.1209541480048
333.204433603701,5.418284393868e-15,330.030287010591,2.34445545534945e-15,84.1209541480048
333.204433603701,4.77781379844201e-15,330.030287010591,2.06732810796681e-15,84.1209541480048
333.204433603701,4.35689423104374e-15,330.030287010591,1.88519902349738e-15,84.1209541480048
333.204433603701,4.20414568233104e-15,330.030287010591,1.81910574704783e-15,84.1209541480048
333.204433603701,4.06318949921868e-15,330.030287010591,1.75811494840371e-15,84.1209541480048
333.204433603701,3.97027500239217e-15,330.030287010591,1.7179114664284e-15,84.1209541480048
333.204433603701,3.90635971485421e-15,330.030287010591,1.69025574855612e-15,84.1209541480048
333.141778144369,6.24676196367323,329.95482915266,2.70302558317007,84.1204313224403
333.118754052056,8.51923494419973,329.834892175191,3.68742090298483,84.11959804068
333.051524280367,15.1888839753921,329.621053154047,6.57717151335106,84.1181135198813
333.017157151759,18.5582281081713,329.350978798621,8.04191625162075,84.1162378353555
333.202739432841,-0,327.785629000677,46.7989593068767,84.1129585393405
333.202739432841,-0,325.8852961836,55.4456644203589,84.1089690614872
333.202739432841,-0,324.292345836446,44.5193384089321,84.1056209063715
333.202739432841,-0,322.545269963066,49.6833480729815,84.1019525592098
333.202739432841,-0,320.678174581281,52.5654006397737,84.0980316284275
333.202739432841,-0,318.642258863125,57.6498085212432,84.0937565977224
333.202739432841,-0,317.139978077369,40.8854159507663,84.0905976014195
333.202739432841,-0,315.587669195976,42.9717739383902,84.0873376595363
333.202739432841,-0,314.134617340037,39.8690705468925,84.0842850554159
333.202739432841,-0,312.624955446474,41.5757693755733,84.0811146041274
333.202739432841,-0,310.068877295916,72.5625723310459,84.0757527243966
333.202739432841,-0,307.292106285594,77.9156931479157,84.0699216937541
333.202739432841,-0,304.438098490623,79.0823006673843,84.0639275209965
333.202739432841,-0,301.413722949077,84.2191275399142,84.0575763856351
332.652050732406,55.0162077082921,299.693722646246,-0,84.0529222866873
332.632048689233,56.7922516795115,299.693722646246,-0,84.0485679363079
332.682852672536,51.5069402927317,299.693722646246,-0,84.0445878140091
332.66525916974,53.0571469659647,299.693722646246,-0,84.0405258609092
332.686917413798,50.6900490624815,299.693722646246,-0,84.0366170851692
332.673036593511,51.8728026007018,299.693722646246,-0,84.0326298893885
332.617128954204,57.2382079690755,299.693722646246,-0,84.0282541194915
332.601532510699,58.5660882690852,299.693722646246,-0,84.0237543918789
332.746569512372,43.8853340325867,299.693722646246,-0,84.0203171502697
332.737336909884,44.6315723795251,299.693722646246,-0,84.016880779879
332.932296633092,25.0322113480347,299.693722646246,-0,84.0148738999412
332.929092103882,25.2520107044138,299.693722646246,-0,84.0129201928012
332.884738371269,29.5703821756186,299.693722646246,-0,84.0106492633443
332.881056720063,29.8197546761956,299.693722646246,-0,84.0083436852641
333.000192515491,17.8327774552672,299.693722646246,-0,84.0069192071788
332.998729293993,17.9075391302302,299.693722646246,-0,84.0055304257529
332.996954933183,18.0130268254856,299.693722646246,-0,84.0041341567249
332.995634654207,18.0727918779723,299.693722646246,-0,84.0027318261323
333.034805715859,14.0985951781493,299.693722646246,-0,84.0016239579954
333.03394327207,14.1283128109522,299.693722646246,-0,84.0005270557006
332.951369036135,22.2981453798803,299.693722646246,-0,83.9988274003109
332.949962014443,22.349513229343,299.693722646246,-0,83.9970939794206
332.989676900389,18.3040548624093,299.693722646246,-0,83.9956587358973
332.98831817541,18.3664589527513,299.693722646246,-0,83.9942332630184
333.028089257657,14.3312826114034,299.693722646246,-0,83.9931066247672
333.027277062131,14.3550397514904,299.693722646246,-0,83.9919917645036
333.170794644699,-0,299.911995837696,-5.83091175624808,83.9923852724349
333.170794644699,-0,300.126800002743,-5.74305748139889,83.9928364566059
333.170794644699,-0,300.337591933802,-5.66012274741374,83.9932792125847
333.170794644699,-0,300.545706935094,-5.59802598334731,83.993716341495
333.170794644699,-0,302.629610176887,-56.9334884572848,83.9980820270517
333.170794644699,-0,304.688972415269,-54.3937200224094,84.0024079746095
333.170794644699,-0,306.961570659258,-60.1276103034654,84.0071799802135
333.170794644699,-0,309.129954963891,-57.1286567757592,84.0117350134012
333.170794644699,-0,311.805290260273,-70.2853763828163,84.0173512829082
333.170794644699,-0,314.299691050723,-64.9484558982793,84.0225915786918
333.170794644699,-0,315.962000250693,-42.7605290804782,84.0260878799846
333.170794644699,-0,317.493014663976,-40.1748509690739,84.029304119815
333.170794644699,-0,318.776556674024,-33.5194851595061,84.0320014717193
333.170794644699,-0,319.973969934042,-31.4121446362917,84.0345169260023
333.170794644699,-0,321.623943482372,-42.5492610666827,84.0379800148359
333.170794644699,-0,323.099170222402,-37.1191001363156,84.041079704141
333.170794644699,-0,324.373755646711,-32.2094003736407,84.0437578614746
333.170794644699,-0,325.443551545033,-26.6968738198096,84.046006020294
333.170794644699,-0,326.310098287769,-21.220193394045,84.0478272759573
333.170794644699,-0,326.974564840659,-15.7713032046498,84.0492240854726
333.170794644699,-0,327.382511281699,-9.46903911559842,84.050082298807
333.170794644699,-0,327.671953471416,-6.50766007385768,84.0506908790328
333.170794644699,-0,327.817679906221,-3.26364758990182,84.0509976671501
333.170794644699,-0,327.91666085524,-1.95970862094917,84.0512058480019
333.167034627546,0.375862554864204,327.943951098746,0.163650040320047,84.0512609326326
333.147994832867,2.27470443228871,327.923202405106,0.990403753101766,84.0511178583524
333.170734737701,-0,327.920435553595,-7.4849892053134e-05,84.0510979784102
333.170734737701,-0,327.920437745835,-3.83014746698739e-05,84.0510979830227
333.170734737701,-0,327.920438591062,-1.33582569835302e-05,84.0510979848035
333.170734737701,-0,327.920438908122,-5.52918119618777e-06,84.0510979854711
333.170734737701,-0,327.920439025149,-2.04568359203704e-06,84.0510979857177
333.170734737701,-0,327.920439068667,-7.65662006606491e-07,84.0510979858093
333.170734737701,-0,327.920439085129,-2.92500985241901e-07,84.051097985844
333.170734737701,-0,327.920439091507,-1.14971631157703e-07,84.0510979858575
333.170734737701,-0,327.920439094064,-4.70433729717735e-08,84.0510979858629
333.170734737701,-0,327.920439095139,-2.02783835212884e-08,84.0510979858651
333.170734737701,-0,327.920439095618,-9.29061806856132e-09,84.0510979858661
333.170734737701,-0,327.920439095845,-4.53496002562957e-09,84.0510979858666
333.170734737701,-0,327.92043909596,-2.34635949758813e-09,84.0510979858668
333.170734737701,-0,327.920439096022,-1.27339448779431e-09,84.051097985867
333.170734737701,-0,327.920439096055,-7.16163778954581e-10,84.051097985867
333.170734737701,-0,327.920439096074,-4.1286854896117e-10,84.0510979858671
333.170734737701,-0,327.920439096103,-2.7375898246625e-09,84.0510979858671
333.170734737701,-0,327.920439096186,-1.80632437889986e-09,84.0510979858673
333.170734737701,-0,327.920439096235,-1.06764474311539e-09,84.0510979858674
333.170734737701,-0,327.920439096264,-6.44005966880749e-10,84.0510979858675
333.170734737701,-0,327.920439096282,-3.87743710528511e-10,84.0510979858675
333.170734737701,-0,327.920439096293,-2.33498162613699e-10,84.0510979858675
333.170734737701,-0,327.920439096299,-1.40625002859944e-10,84.0510979858676
333.170734737701,-0,327.920439096303,-8.46974645095e-11,84.0510979858676
333.170734737701,-0,327.920439096306,-5.10160596418337e-11,84.0510979858676
333.170734737701,-0,327.920439096307,-3.07304761690596e-11,84.0510979858676
333.138737359707,3.19036497104767,327.882596028413,1.3892135001287,84.0508369621387
333.124549636907,4.59335360613934,327.819042630724,2.00043436656738,84.050397390995
333.081579116063,8.85922150177533,327.693390380244,3.85920574490923,84.0495288815701
333.060154504583,10.9619124609925,327.533236538427,4.77718621903882,84.0484211350441
333.099285677599,7.02121095207045,327.422347334677,3.06124171509746,84.0476527078676
333.091809085062,7.73923541767244,327.302949848789,3.3754524917162,84.0468270797884
332.991510248778,17.704244077167,327.041113391014,7.7254509305446,84.0450195224744
332.96358201582,20.4210416164461,326.734447019925,8.91868754782997,84.0429008337516
333.167792431985,-0,325.182332573517,45.1935071420779,84.0396487926863
333.167792431985,-0,323.39521839036,51.3624738238261,84.0358965711136
333.167792431985,-0,321.820972129122,43.7358459833393,84.032588424343
333.167792431985,-0,320.123317153324,47.7033636208045,84.0290236163789
333.167792431985,-0,318.177258798214,54.6931443831972,84.0249377355645
333.167792431985,-0,316.062891951845,59.6371391772284,84.0204978988991
333.167792431985,-0,314.814135352055,33.246280897851,84.0178692836387
333.167792431985,-0,313.559135926192,34.5124183212713,84.0152336172879
333.167792431985,-0,311.547935707884,56.7746589828375,84.011014262436
333.167792431985,-0,309.386121621166,59.9114568984461,84.0064743736917
333.167792431985,-0,308.704568415367,16.777270324781,84.0050334173759
333.167792431985,-0,308.081245497267,16.9512659822772,84.0037242563444
333.147676453077,2.00189792755483,308.044644186439,0.927870487287001,84.0034557003988
333.14730723768,2.03076460353519,308.010159287466,0.941354245432019,84.0032270178607
333.111555511293,5.58420730623928,307.916951113953,2.58903637067369,84.0026100758202
333.111303282617,5.5870574664933,307.821134355272,2.59116213710803,84.0019748291425
332.769086576267,39.6579962864295,307.17384313089,18.4116368234332,83.9976948797825
332.75435266863,40.9703853779896,306.482712218408,19.0629926455802,83.9931205112429
333.164056522409,-0,304.906033274507,42.1493334184918,83.9898139857539
333.164056522409,-0,303.325574059557,43.2343423349767,83.9864946987413
333.164056522409,-0,301.816560450111,41.126435670544,83.9833247731047
333.164056522409,-0,300.27253309654,42.2633551344686,83.9800820172962
332.597108067903,56.5341623841199,299.673475704855,-0,83.97569801409
332.578844040508,58.130660863936,299.673475704855,-0,83.9712392879416
332.703588414741,45.4733777735669,299.673475704855,-0,83.9676935051878
332.692695764944,46.3783890312465,299.673475704855,-0,83.9641206829526
333.042462450203,11.3505586657024,299.673678861037,-0,83.9631290893256
333.041368454022,11.4144132637565,299.673678861037,-0,83.9622459955894
333.155483974017,-0,299.763973690985,-2.17496972122308,83.9623796922546
333.155483974017,-0,299.843141215992,-2.08715987423745,83.9625459913741
332.829402886662,32.4982567147283,299.695525691283,-0,83.9601065010664
332.824908583162,32.8166596679783,299.695525691283,-0,83.9575661564301
332.819892086363,33.1859277333963,299.695525691283,-0,83.9549996933699
332.814571264997,33.5840480841559,299.695525691283,-0,83.9524027359251
332.958221850363,19.139805021377,299.695525691283,-0,83.9508677462105
332.95600209254,19.2847577371798,299.695525691283,-0,83.9493747035901
333.14881455348,-0,300.548958289083,-23.5033916511433,83.9510939940527
333.14881455348,-0,301.408548122947,-22.8322065147426,83.9528995846114
333.14881455348,-0,302.121326226162,-18.8840302459692,83.954397536631
333.14881455348,-0,302.812330853959,-18.486330922954,83.9558489785408
333.14881455348,-0,303.713231917614,-24.2960217459524,83.9577399170408
333.14881455348,-0,304.598304282045,-23.6290911944193,83.9595990290175
333.14881455348,-0,306.814045121489,-58.7272287479995,83.9642451787057
333.14881455348,-0,308.914169907998,-54.8043769692654,83.9686570451734
333.14881455348,-0,311.201438080212,-59.3714996881662,83.973460118527
333.14881455348,-0,313.282447038078,-53.1331666756802,83.9778323424159
333.14881455348,-0,315.134278212882,-47.5220444390002,83.9817230742385
333.14881455348,-0,316.756386288728,-41.3519362782385,83.9851314285941
333.14881455348,-0,318.151535929557,-35.2489429937462,83.9880630750469
333.14881455348,-0,319.321983401199,-29.201649790085,83.9905227550566
333.14881455348,-0,320.213366714339,-21.5586912220025,83.992396651067
333.14881455348,-0,320.922993200945,-17.0041738407734,83.9938881164545
333.14881455348,-0,321.291250828296,-8.9734031048576,83.9946633480101
333.14881455348,-0,321.591797054125,-7.47422763470152,83.995294930206
333.14881455348,-0,321.805113443048,-5.10115074974368,83.9957434903284
333.14881455348,-0,321.971502972766,-3.8469771260113,83.9960932421971
333.14881455348,-0,322.048304053286,-1.85781234350842,83.9962549876279
333.14881455348,-0,322.109836468995,-1.4699097188612,83.99638431253
333.14881455348,-0,322.162386913721,-0.714535059223091,83.9964948526397
333.144353400486,0.445546867253121,322.165945049915,0.197455501409437,83.9964915073479
333.147421940719,0.137856187131298,322.162586368667,0.0610957170145184,83.996468205271
333.147421038131,0.137391412882972,322.160316232977,0.0608901657897883,83.9964526783695
333.022502167354,12.5879324523371,321.990642674865,5.57959255568931,83.9952960677917
332.985716389153,16.2085817454884,321.753437512425,7.1889171073855,83.9936753502824
332.86949407814,27.7328451473059,321.351767731356,12.3113459203319,83.9909339309706
332.814751280183,33.0851627777241,320.851548780135,14.7075461815714,83.9875199502824
333.14560290796,-0,318.962579642617,54.9207656660379,83.9835612580191
333.14560290796,-0,316.787794264272,62.6168886543164,83.9789951241434
333.14560290796,-0,314.448757125347,66.5220361442728,83.9740831725295
333.14560290796,-0,311.845055008375,74.2232199655641,83.9686161625148
333.14560290796,-0,310.288276538034,41.7511636827298,83.9653392593988
333.14560290796,-0,308.701296850569,44.1085762280178,83.9620065559302
333.14560290796,-0,306.512901240097,61.6732585574072,83.9574139984454
333.14560290796,-0,304.152240802293,65.9831712631715,83.9524567189408
333.14560290796,-0,301.63237098881,69.9365987954132,83.9471649651664
332.475043666591,66.9863271304808,299.66762745109,-0,83.9416741046971
332.568879073852,57.3746904200272,299.66762745109,-0,83.9372535903833
332.543659115242,59.6617798117941,299.66762745109,-0,83.9327015154826
332.405974137307,73.1452066036882,299.66762745109,-0,83.9271779219366
332.371593703999,76.2840572622483,299.66762745109,-0,83.9213813901653
332.454024897747,67.7710036187323,299.66762745109,-0,83.9161523109426
332.426392504063,70.25716573124,299.66762745109,-0,83.9107854547801
332.480504373708,64.588546740562,299.66762745109,-0,83.905799657291
332.460449536604,66.3308538562373,299.66762745109,-0,83.9007031396731
332.602289430802,51.9373451166809,299.66762745109,-0,83.8966461045737
332.59062579586,52.893069872179,299.66762745109,-0,83.8925677406039
332.576483484129,54.0922597440056,299.66762745109,-0,83.8884044936082
332.564070540965,55.114105467353,299.66762745109,-0,83.8841562942637
332.722613435395,39.1004336632148,299.66762745109,-0,83.8810711247731
332.715601354818,39.6434560254985,299.66762745109,-0,83.8780093160662
332.753172295115,35.7427615366549,299.66762745109,-0,83.8752299859328
332.747968641935,36.118720790077,299.66762745109,-0,83.8724352265991
332.830177994685,27.7851131786331,299.66762745109,-0,83.8702547387163
332.826896427677,28.0012082808343,299.66762745109,-0,83.8680861687896
332.778699569831,32.6911177642907,299.66762745109,-0,83.8655749141904
332.774893194988,32.9400743328396,299.66762745109,-0,83.8630269389534
332.816066163532,28.7069162576547,299.66762745109,-0,83.8607851810943
332.812582263951,28.9394971481696,299.66762745109,-0,83.8585445374194
332.943287264743,15.8033113074793,299.66762745109,-0,83.8572737131065
332.941925594385,15.8758371189101,299.66762745109,-0,83.8560424767472
333.071000992308,2.95403000308741,299.670951101962,-0,83.8557734388557
333.070569223004,2.98531201733822,299.670951101962,-0,83.8555433184438
332.984677296021,11.5296721276324,299.670951101962,-0,83.8546759920183
332.984541434006,11.4970016317025,299.670951101962,-0,83.8537811314259
333.027326584483,7.18875911960049,299.670951101962,-0,83.8532060465449
333.027343209166,7.15829222793284,299.670951101962,-0,83.8526488247175
333.098911905779,-0,299.878658950636,-5.7098362453685,83.8530563141416
333.098911905779,-0,300.089533102715,-5.66152134694236,83.8534992352267
333.098911905779,-0,300.603407415832,-14.0912407535848,83.8545767061262
333.098911905779,-0,301.121949370506,-13.9186066631963,83.8556658659426
333.098911905779,-0,302.4942907623,-37.3880742499717,83.8585431261501
333.098911905779,-0,303.860586418598,-36.3611027602854,83.8614130565882
333.098911905779,-0,306.075577735037,-58.7797355866576,83.8660604107385
333.098911905779,-0,308.206926565713,-56.5874991249546,83.8705374795051
333.098911905779,-0,310.240027000509,-53.7698597904987,83.8748083288584
333.098911905779,-0,312.172928409829,-51.132933601034,83.8788686851235
333.098911905779,-0,314.471244601473,-60.5763455115252,83.883693894592
333.098911905779,-0,316.638499241376,-56.7773177051836,83.8882467304204
333.098911905779,-0,318.649850127408,-52.628213951613,83.8924721898005
333.098911905779,-0,320.504788704458,-48.4273383734875,83.8963691392127
333.098911905779,-0,321.581843362723,-27.6846395554957,83.8986358817094
333.098911905779,-0,322.578172018474,-26.1500493730555,83.9007288614987
333.098911905779,-0,323.99279557979,-36.9539450715998,83.9036977049284
333.098911905779,-0,325.298324003148,-33.5536800503795,83.9064405227386
333.098911905779,-0,326.735711085223,-36.249340735531,83.9094589545618
333.098911905779,-0,327.967687423209,-30.5825956839269,83.9120477836119
333.098911905779,-0,328.975672673776,-24.5767000257434,83.9141662262749
333.098911905779,-0,329.751428278963,-18.2599790177702,83.9157969724499
333.098911905779,-0,330.28322139086,-11.71409798691,83.9169153610989
333.098911905779,-0,330.570208819298,-5.10553090938839,83.9175195847404
333.098911905779,-0,330.67884286055,-2.37959057878711,83.917748352142
333.098911905779,-0,330.745122726458,-1.190067360986,83.9178878240489
333.093412831871,0.547501810808649,330.738276488346,0.236314369752224,83.9178272214681
333.093465808612,0.540012776813819,330.729565242876,0.233088108495791,83.9177665325117
333.098865134588,-0,330.754782929658,-0.509684465943698,83.9178177847618
333.098865134588,-0,330.764117006986,-0.0502064387301263,83.9178374903291
333.098812288658,0.00527360956544481,330.765847168191,0.00227605949151096,83.9178409233108
333.097134615499,0.172727934754772,330.764595458435,0.0745482857046613,83.9178322553573
332.963344875268,13.5099729811659,330.598134613291,5.83134606266229,83.9166766563583
332.917326152791,18.048728105911,330.346938586166,7.79521977773585,83.9149285312222
332.82686220115,26.9995790360794,329.966336426528,11.6714219680761,83.9122818069134
332.775809904358,31.9858288011176,329.49214746529,13.8443966516976,83.9089849121949
333.095668192369,-0,327.576538567482,56.7125799257168,83.9049708488263
333.095668192369,-0,325.318628799196,64.847993848969,83.9002302205262
333.095668192369,-0,322.708573437283,74.4733102531464,83.8947502881199
333.095668192369,-0,319.736825450514,84.3807261658025,83.8885107347649
333.095668192369,-0,316.794128586425,82.680806380968,83.8823296553101
333.095668192369,-0,313.585404619062,90.0259068958195,83.8755918068285
333.095668192369,-0,311.442220550761,57.6223133701254,83.871083259017
333.095668192369,-0,309.251352245491,60.7121861181773,83.8664823358272
333.095668192369,-0,307.868916666672,36.8890770969589,83.8635735100321
333.095668192369,-0,306.485849561284,37.8155366750933,83.8606687817
332.799671422703,29.4835735091943,305.990390523403,13.7424458252213,83.8573772060433
332.789889224042,30.3416801996846,305.474372609625,14.165871944791,83.8539703734391
332.756079989953,33.5900329100047,304.903794649572,15.7101485165731,83.8502083816343
332.745500733203,34.5111497338936,304.314027064056,16.1717054030378,83.8463240260134
333.090612230542,-0,302.137251099131,60.010785590922,83.8417616319651
333.090612230542,-0,299.878723085819,62.0851990448246,83.8370183768569
332.548464202195,54.0219550783819,299.658438747697,-0,83.8328128766931
332.532866291198,55.3618713328695,299.658438747697,-0,83.828561373028
332.268745034066,81.4569953172345,299.658438747697,-0,83.8224324882553
332.238740598379,84.1244248274301,299.658438747697,-0,83.815994869292
332.335368681217,74.1646254016143,299.658438747697,-0,83.8102543546095
332.309901972234,76.4082782228154,299.658438747697,-0,83.8043980568626
332.508542169333,56.3156144996775,299.658438747697,-0,83.7999796294028
332.495661433907,57.3746952302993,299.658438747697,-0,83.7955548712771
332.704347833442,36.3565717551073,299.658438747697,-0,83.7926666680222
332.698943611815,36.7498560534859,299.658438747697,-0,83.7898239563015
332.78252844337,28.2765149407422,299.658438747697,-0,83.787605011787
332.779244331126,28.4906921603589,299.658438747697,-0,83.7853982237006
332.639381639276,42.3101802673157,299.658438747697,-0,83.7821765072244
332.634050148587,42.6723516442744,299.658438747697,-0,83.7788739502381
332.900392113716,15.9695339570721,299.658438747697,-0,83.7775485471793
332.899056663451,16.0387572899667,299.658438747697,-0,83.7763062210605
332.897610483317,16.1186452466774,299.658438747697,-0,83.7750560403456
332.896439608208,16.1707407907945,299.658438747697,-0,83.7738008340935
332.939880782733,11.7784225528389,299.658438747697,-0,83.7728699414762
332.939225312979,11.7965068876131,299.658438747697,-0,83.7719533222461
333.025967614886,3.10827095254913,299.658438747697,-0,83.7716828405607
333.025804757792,3.11205167833721,299.658438747697,-0,83.7714413431558
332.982757340544,7.38781426752202,299.658438747697,-0,83.7708817000962
332.982927697455,7.34116707088277,299.658438747697,-0,83.7703098515276
332.896722546683,15.8990542371627,299.658438747697,-0,83.7691004225405
332.89651762271,15.8556689128069,299.658438747697,-0,83.767866889595
332.896196049279,15.8240951272976,299.658438747697,-0,83.7666362192457
332.895758011971,15.804265288818,299.658438747697,-0,83.7654074644529
332.938791762969,11.4539393996169,299.658438747697,-0,83.7645008719424
332.938372560695,11.4497402326203,299.658438747697,-0,83.7636103499497
333.052847059189,-0,300.028536363519,-10.1415623583119,83.7643412389431
333.052847059189,-0,300.402144568944,-10.0040478311696,83.7651259787951
332.973972324912,7.85688144211193,300.284544392772,3.73376288363665,83.7642912947106
332.974173402859,7.80521619442449,300.146649392773,3.71091696125333,83.7633923343393
332.944846227332,10.6953243143969,299.960232255065,5.0876834627912,83.7621783822263
332.94471636694,10.6653304837196,299.772227257995,5.07659869074387,83.7609536527838
332.898771594774,15.205912432264,299.697664949995,-0,83.7597553503743
332.898359721537,15.1859455642312,299.697664949995,-0,83.758574643636
332.897867684727,15.1740530598404,299.697664949995,-0,83.7573950859891
332.897328152816,15.1669441489913,299.697664949995,-0,83.7562162155003
332.89676018115,15.1626989723505,299.697664949995,-0,83.755037755573
332.896175174196,15.1601685054461,299.697664949995,-0,83.7538595405852
332.895579961679,15.1586646399773,299.697664949995,-0,83.7526814713782
332.894978632359,15.1577754251684,299.697664949995,-0,83.7515034885845
332.851612450827,19.4170857929131,299.697664949995,-0,83.7500111665565
332.850801357058,19.4200553288961,299.697664949995,-0,83.7485028302393
332.718761651376,32.4961805146287,299.697664949995,-0,83.7460351287474
332.715808228652,32.6604887381597,299.697664949995,-0,83.7435060112612
332.667179400075,37.3744074616188,299.697664949995,-0,83.740630983957
332.663145138235,37.6268536032925,299.697664949995,-0,83.7377172260728
332.188248007183,84.7857462525511,299.697664949995,-0,83.7313333570145
332.160788503803,87.1856875939047,299.697664949995,-0,83.7246573070248
332.386881185808,64.3147851302181,299.697664949995,-0,83.7196098403682
332.371880412767,65.5531425981621,299.697664949995,-0,83.7145612569606
332.359082441623,66.5666487670293,299.697664949995,-0,83.709425044924
332.34456475963,67.747351159295,299.697664949995,-0,83.7041973033193
332.329930150218,68.9349419246305,299.697664949995,-0,83.6988774933422
332.315175234819,70.1297284565475,299.697664949995,-0,83.6934650585416
332.821419648481,19.4185494087111,299.697664949995,-0,83.6917927435716
332.820063012334,19.4759640860666,299.697664949995,-0,83.6902841431111
332.506372969129,50.6468711807554,299.697664949995,-0,83.6864651407333
332.500524474893,51.0267413942297,299.697664949995,-0,83.6825137863935
332.601218673374,40.7910213902303,299.697664949995,-0,83.6793082830374
332.595756484995,41.1718253887495,299.697664949995,-0,83.6761200582165
332.644519673897,36.1491945769914,299.697664949995,-0,83.6733002028659
332.64070954162,36.3839192572288,299.697664949995,-0,83.6704809646749
332.849264565649,15.4625897195569,299.697664949995,-0,83.6692124141126
332.847932790881,15.5332798767586,299.697664949995,-0,83.6680082561354
332.898937717881,10.3900147017815,299.697664949995,-0,83.6671840293643
332.89838195601,10.4036415113132,299.697664949995,-0,83.666375677539
332.794208770371,20.7391244492122,299.697664949995,-0,83.6647987691984
332.793631277238,20.7133003897868,299.697664949995,-0,83.6631884296566
332.845204797244,15.4924788732551,299.697664949995,-0,83.6619654990518
332.844732213555,15.4772705209631,299.697664949995,-0,83.6607619209187
332.947102026003,5.21751687628963,299.697664949995,-0,83.6603231610485
332.947127435009,5.19400015493323,299.697664949995,-0,83.6599190197574
332.999057194202,-0,299.882623595533,-5.12975694332953,83.6602866404416
332.999057194202,-0,300.072517053815,-5.11572385156029,83.660685487117
332.893462305997,10.5187446003958,299.900284700499,5.00391774214721,83.6595409467584
332.893682418411,10.4543973549924,299.715487823412,4.97637683856513,83.6583371378504
332.998201644265,-0,299.902509565485,-5.22225731462301,83.6586800352306
332.998201644265,-0,300.096381405582,-5.21805641204925,83.6590872357637
332.998201644265,-0,300.289063884692,-5.19999224343587,83.6594919412552
332.998201644265,-0,300.481441429762,-5.20194047198685,83.6598960018913
332.898041134287,9.97740468724013,300.318780853037,4.73984879954324,83.6588119720205
332.898416692863,9.89973749696029,300.143945774822,4.70569751980856,83.6576719721709
332.966307567804,3.09695057554358,300.084536953651,1.47269453873526,83.6572825565791
332.966591257959,3.05619214083707,300.030493801932,1.45357544794057,83.6569303544519
332.899849029281,9.69236220455537,299.864144473111,4.61144440258085,83.6558485557139
332.858505039451,13.7874194292481,299.697745574612,-0,83.6547401299842
332.996355027659,-0,300.594367783835,-24.8579597830862,83.65657127433
332.996355027659,-0,301.507690719676,-24.4492879223197,83.6584896659269
332.996355027659,-0,301.89938252249,-10.0317514708721,83.659315517227
332.996355027659,-0,302.268878848855,-9.97574406716139,83.6600916028124
332.905606571792,9.03952177230465,302.130432696016,4.26865224308531,83.6591234366006
332.906002856514,8.96356355120349,301.973042950199,4.23499468800302,83.6580929842036
332.874238151599,12.0917672300144,301.763675256691,5.71636751890764,83.6567237472479
332.874425053518,12.0244909964104,301.552939703863,5.68853885891284,83.6553451752196
332.874264022226,11.9921650939135,301.342740961762,5.67720081513344,83.6539707771745
332.873983774037,11.9718618561994,301.132837876971,5.67153488869441,83.6525989646652
332.873622176561,11.9597533296455,300.923052202829,5.66974227938314,83.6512285693382
332.873212284238,11.9525096863514,300.713278285894,5.67025399928298,83.6498588991871
332.968210339698,2.44116616101292,300.665713571003,1.15861243625052,83.6495357636605
332.968090431907,2.44331940565337,300.622891690788,1.15979915823773,83.6492563334678
332.905295858523,8.68875819525587,300.474485374109,4.12562382330126,83.6482900224499
332.905311508555,8.65220920116544,300.322113433053,4.11035421922469,83.64729614224
332.873622539477,11.7741039467002,300.117139835597,5.59671787587804,83.6459606367883
332.873370657451,11.7518399518343,299.910224001013,5.58998815507136,83.6446120739943
332.936101828666,5.45558530824661,299.809577693676,2.59643333363245,83.6439543854502
332.936033329455,5.44046210925936,299.713667293043,2.59006394500721,83.6433297294214
332.990423962496,-0,299.753200133247,-1.07491517094658,83.6433850179475
332.990423962496,-0,299.793141406674,-1.06993030025681,83.6434689098776
332.990423962496,-0,300.317960937649,-14.5637048672403,83.6445682598231
332.990423962496,-0,300.853475190897,-14.3951209527417,83.6456930665974
332.990423962496,-0,301.068305709951,-5.49062781176752,83.6461462382964
332.990423962496,-0,301.27101886722,-5.48794887255487,83.6465720083973
332.990423962496,-0,301.781082324376,-14.0209110131418,83.6476414525223
332.990423962496,-0,302.29731553646,-13.8807065778121,83.6487257560535
332.990423962496,-0,303.953509600939,-45.0861873483971,83.6521975121747
332.990423962496,-0,305.596070351173,-43.6541607535036,83.655647786044
332.990423962496,-0,307.555491871713,-51.9931674936033,83.6597614385601
332.990423962496,-0,309.444094931573,-50.2136043391731,83.6637285646909
332.990423962496,-0,311.138036089808,-44.7911183893712,83.6672876301499
332.990423962496,-0,312.760663676487,-43.0304811700605,83.6706961093225
332.990423962496,-0,314.104913833426,-35.4470400116752,83.6735211732514
332.990423962496,-0,315.39219292842,-34.0715788518082,83.6762252172629
332.990423962496,-0,316.431427948142,-27.4251233730301,83.6784094359017
332.990423962496,-0,317.429900049727,-26.5846346286742,83.6805067655743
332.919987366709,7.01482295657717,317.363217705856,3.15369566805594,83.6798178303494
332.920631701087,6.92221022028757,317.247030152355,3.11320699281379,83.679031056931
332.723046882179,26.5773554917058,316.819916686178,11.9617103939116,83.6761457098891
332.717270249186,27.0469077005642,316.373424146035,12.1900372999279,83.6731259064954
332.735389662067,25.1338286743679,315.955268373633,11.3434130740484,83.6702997636214
332.730716448298,25.4988227109057,315.531543564599,11.5234294503084,83.6674393207376
332.797069334276,18.7867355891922,315.213439901447,8.50042534752727,83.6652916777886
332.793787765235,19.0384489624559,314.896166839741,8.62290964096686,83.6631533501189
332.765313493489,21.7990481060143,314.53532923603,9.88369388423801,83.660723865925
332.761971025542,22.0448104667115,314.1673220764,10.0067269335168,83.6582472400654
332.757419667563,22.4101762793292,313.793539829998,10.1845496567402,83.655733806295
332.753707214723,22.6903588297987,313.413942327224,10.3242522362768,83.6531833240051
332.749544244342,23.0142857993137,313.028442135394,10.4844015624707,83.6505953443145
332.745348948486,23.3401295087014,312.636984785059,10.6460180320905,83.6479695883651
332.687305061044,29.0292989438822,312.154726831245,13.259065771349,83.6447391992225
332.681080269072,29.5337386574906,311.660180945708,13.5106390426853,83.6414283003217
332.976417655647,-0,309.677318691507,54.6609326440293,83.6372726045789
332.976417655647,-0,307.629178661212,56.0934507576169,83.6329710981681
332.976417655647,-0,305.523575572821,57.5785911595143,83.6285489104907
332.976417655647,-0,303.358754549574,59.1971153149136,83.6240023733822
332.976417655647,-0,301.778568383499,42.2014776236473,83.6206796974773
332.976417655647,-0,300.200708223777,43.0233369811509,83.6173658117328
332.876998227961,9.89902762475211,300.017754610663,4.70703631919643,83.6161470676321
332.87587221656,9.9714994308352,299.842823773984,4.74424673359709,83.615007216812
332.748616119575,22.6218135727534,299.697978026332,-0,83.6132526331028
332.746718475181,22.7201052361707,299.697978026332,-0,83.6114919907477
332.744742699951,22.8257667214773,299.697978026332,-0,83.6097228821265
332.742935158003,22.9141709619827,299.697978026332,-0,83.6079454880391
332.740947107565,23.0201939469874,299.697978026332,-0,83.6061598442907
332.738956241875,23.126067280386,299.697978026332,-0,83.6043659696628
332.562917161029,40.5697262885469,299.697978026332,-0,83.6012821582261
332.5574176386,40.9550692528624,299.697978026332,-0,83.5981146474053
332.685057707749,28.0756146670685,299.697978026332,-0,83.5958932594304
332.68167228797,28.3002426885334,299.697978026332,-0,83.5937014839355
332.49739432699,46.5442821144769,299.697978026332,-0,83.5901661035289
332.490607564651,47.0338787460549,299.697978026332,-0,83.5865285865678
332.757174445034,20.2907405084004,299.697978026332,-0,83.5848655484978
332.755108154647,20.4152077692656,299.697978026332,-0,83.5832850603684
332.753027753885,20.5405289018269,299.697978026332,-0,83.5816939073917
332.751435958579,20.6165595477594,299.697978026332,-0,83.5800945377666
332.74978838911,20.6978281217715,299.697978026332,-0,83.5784886920944
332.748354540438,20.7574461269349,299.697978026332,-0,83.5768775442551
332.836578020427,11.8854813489351,299.697978026332,-0,83.5759232550245
332.835869456048,11.9082503610865,299.697978026332,-0,83.5749983983851
332.954932199912,-0,300.549219541116,-23.5327627949145,83.5767431470187
332.954932199912,-0,301.413161293498,-23.0684067576048,83.5785578328227
332.954932199912,-0,301.796968332071,-9.83697436231299,83.579366863386
332.954932199912,-0,302.158617115888,-9.75134807945877,83.5801264728403
332.954932199912,-0,302.365601623212,-5.45664598631994,83.5805621548921
332.954932199912,-0,302.567476665061,-5.46298521803019,83.5809861626771
332.954932199912,-0,303.788690678203,-33.6343123981349,83.5835449713813
332.954932199912,-0,305.019316971598,-32.8604988153889,83.5861298925682
332.954932199912,-0,305.669592236441,-16.9194106648498,83.587499194722
332.954932199912,-0,306.290625315355,-16.7045223815229,83.5888036315034
332.954932199912,-0,306.497587321215,-5.2318447868045,83.5892408393547
332.954932199912,-0,306.691382298939,-5.2676007692014,83.589647869693
332.78108109766,17.3178929895984,306.410032029858,8.06055103306609,83.5877671095906
332.780214970014,17.3344519995421,306.111323762057,8.07612390531399,83.5857924584604
332.779145726913,17.371279892359,305.812149750799,8.10117553904917,83.5838160488332
332.777748421399,17.4407022130249,305.511785457566,8.14151362958086,83.5818331074138
332.747916635842,20.3425436143066,305.163838166058,9.50606451401193,83.579538468627
332.745750993806,20.4767036092427,304.811073686941,9.57977637759438,83.5772129619075
332.800112067838,14.9791708981962,304.548094050249,7.01505663665282,83.5754789052044
332.79851329313,15.078285653054,304.287460459345,7.06748759335657,83.5737631193385
332.710927143804,23.742910363505,303.883560403845,11.1405150351707,83.5711084463667
332.708161455311,23.9231460038138,303.469484162673,11.2403039504539,83.5683865495438
332.644585926002,30.1606420515001,302.952463760993,14.1923640973391,83.564993021035
332.639974926182,30.4991792097565,302.42407445351,14.3765341545357,83.5615269426202
332.94496671828,-0,300.796654120667,44.0177879836643,83.5581152787369
332.54186437796,40.2582121228882,299.686733403528,-0,83.5547743006418
332.666618933513,27.6690604925712,299.686733403528,-0,83.5525886032789
332.663548600117,27.863825391673,299.686733403528,-0,83.5504304492195
332.525744229865,41.4798925926528,299.686733403528,-0,83.5472709183632
332.520396822535,41.8461950332243,299.686733403528,-0,83.5440334004767
332.514008023047,42.3147550720402,299.686733403528,-0,83.5407599401614
332.507411105789,42.802166885469,299.686733403528,-0,83.5374490384875
332.684676367808,24.9716016576228,299.686733403528,-0,83.535449712058
332.681901469819,25.1477692833975,299.686733403528,-0,83.533502676282
332.814519265187,11.8359296853399,299.686733403528,-0,83.5325407372464
332.813511530791,11.8887464295048,299.686733403528,-0,83.5316192340778
332.81267167643,11.9245575187073,299.686733403528,-0,83.5306935666199
332.812078965192,11.9355661119665,299.686733403528,-0,83.5297662227587
332.811660803514,11.9291192405314,299.686733403528,-0,83.5288388871818
332.811347549902,11.9122336275654,299.686733403528,-0,83.5279125700228
332.930437580028,-0,299.74183491118,-1.19674039769597,83.5279659686378
332.930437580028,-0,299.786173815885,-1.18005060324911,83.5280590997181
332.930437580028,-0,299.829553360569,-1.16855973794155,83.5281502146629
332.930437580028,-0,299.8728863857,-1.17551624891782,83.5282412278573
332.849487111207,8.06369491783711,299.737036547682,3.83760615179501,83.5273546129935
332.815029475423,11.4668703953842,299.697660989042,-0,83.5264528154859
332.772403321749,15.666825345638,299.697660989042,-0,83.5252489336884
332.772215854652,15.6223077872881,299.697660989042,-0,83.5240334811032
332.928396285382,-0,299.763020460526,-1.36990825821038,83.5240885250671
332.928396285382,-0,299.81395541046,-1.35699399007543,83.524195509354
332.928396285382,-0,299.863783719568,-1.34012961793082,83.5243001701685
332.928396285382,-0,299.913392362063,-1.34433233159773,83.5244043649883
332.928396285382,-0,300.268416082776,-9.83983970048947,83.5251481788968
332.928396285382,-0,300.631102503734,-9.74907900060816,83.5259099688822
332.70795027506,21.9597209952626,300.272927990441,10.4276192005404,83.5235314072879
332.706166652517,22.0490070960235,299.885786893885,10.4834929693884,83.5210070416132
332.565454328183,35.994848956858,299.695565509357,-0,83.5181964344012
332.56194639138,36.1996457028904,299.695565509357,-0,83.5153919583175
332.64483258557,27.7973111269982,299.695565509357,-0,83.5132077019619
332.641975479716,27.9701580743442,299.695565509357,-0,83.5110399007703
332.682663004148,23.8045100636043,299.695565509357,-0,83.5091788811948
332.680284256174,23.9457448522656,299.695565509357,-0,83.507322842448
332.850525402533,6.89097263760257,299.695565509357,-0,83.5067340573909
332.849891382986,6.92643719581073,299.695565509357,-0,83.5061975203302
332.678010357394,24.0204142270883,299.695565509357,-0,83.5043898862209
332.676436940385,24.0804084280105,299.695565509357,-0,83.5025204479297
332.761858577788,15.4740113891583,299.695565509357,-0,83.5012869671028
332.760954880213,15.5016797419142,299.695565509357,-0,83.5000829342663
332.760143451612,15.5200382573585,299.695565509357,-0,83.4988773392753
332.759404771626,15.5310649889982,299.695565509357,-0,83.4976706818248
332.886352512335,2.8224070897576,299.698894054943,-0,83.497411084347
332.886176093371,2.82864334475654,299.698894054943,-0,83.4971920814569
332.886054937308,2.82930292248292,299.698894054943,-0,83.4969721120832
332.886118919268,2.81149170605706,299.698894054943,-0,83.4967529695301
332.914229043736,-0,299.90286758452,-5.67282598436687,83.4971709407832
332.914229043736,-0,300.11240760167,-5.6368253631644,83.4976110570132
332.895274074352,1.88786676893857,300.090227360915,0.897530581784741,83.4974193955924
332.895543601282,1.85333218140558,300.057274873007,0.881209885537554,83.4972046004181
332.839607038636,7.41781677455345,299.930194658802,3.52784986288432,83.496378146847
332.839803418291,7.36824175205769,299.80001176316,3.50579843040424,83.4955299025157
332.767821849267,14.5182967648721,299.698564517659,-0,83.4943924887506
332.767613260726,14.4804834143113,299.698564517659,-0,83.4932659896043
332.767332322655,14.4500351782114,299.698564517659,-0,83.4921420161113
332.766892869743,14.4355237554626,299.698564517659,-0,83.4910197073688
332.847352701847,6.36228841483995,299.698564517659,-0,83.4904965035621
332.847256970496,6.34615645930911,299.698564517659,-0,83.490003006078
332.8071356296,10.3172172005062,299.698564517659,-0,83.489214472734
332.807115550254,10.2775465400583,299.698564517659,-0,83.4884143331089
332.766769445227,14.2551208480114,299.698564517659,-0,83.4873193823088
332.766440708335,14.2303493781748,299.698564517659,-0,83.4862127665268
332.885499403463,2.31307285626544,299.699432273126,-0,83.485995611486
332.885436175581,2.31006567543674,299.699432273126,-0,83.4858165070437
332.885380747007,2.30626031992956,299.699432273126,-0,83.4856370530551
332.88547350442,2.28768925959411,299.699432273126,-0,83.4854586151203
332.768786190303,13.9020211393107,299.699432273126,-0,83.4844143459134
332.768775539508,13.8469349149506,299.699432273126,-0,83.4833364732124
332.648354147328,25.786858744179,299.699432273126,-0,83.4813744233318
332.646438450583,25.8738574958235,299.699432273126,-0,83.4793672420824
332.805350190476,9.93963336170322,299.699432273126,-0,83.4785409428652
332.804945767618,9.93986068146116,299.699432273126,-0,83.4777690746834
332.882461917212,2.17815185740239,299.699670600768,-0,83.4775758400704
332.882277491601,2.18776989268274,299.699670600768,-0,83.4774064684086
332.904152694481,-0,300.464649583241,-21.2221130410372,83.479003753965
332.904152694481,-0,301.242765275324,-20.8158547546086,83.4806381618756
332.904152694481,-0,302.265275516605,-27.5524959528332,83.48278431963
332.904152694481,-0,303.271006025432,-26.898729081186,83.4848968536114
332.904152694481,-0,304.492586638774,-32.7477354527943,83.4874613242649
332.904152694481,-0,305.686256961749,-31.8562483024653,83.4899686505974
332.904152504171,-0,306.024665853095,-8.3090113141214,83.4906842244052
332.904152504171,-0,306.330678296144,-8.27942948917921,83.4913269655327
332.824211659315,7.96263903660825,306.208910626491,3.70914188321521,83.4904703009744
332.824649977015,7.88669491172406,306.072193129817,3.67541186752946,83.4895668096674
332.801340148716,10.176900829291,305.898396397014,4.74505935121038,83.4884193942795
332.801273125664,10.142499547844,305.723224936572,4.7317282590142,83.4872625974331
332.602263260781,29.9265240847284,305.223558933585,13.9756480943494,83.483970451915
332.596830258911,30.3477012289142,304.701996226305,14.1963559495172,83.4805314011029
332.9003072712,-0,303.068005271837,44.1710757554214,83.4771060096636
332.9003072712,-0,301.412135312309,45.1892648488443,83.4736283187026
332.9003072712,-0,300.009385823216,37.8787936989153,83.4706804452535
332.552904389833,34.634186597878,299.675793711193,-0,83.4679354081394
332.700670909253,19.7749536390529,299.675793711193,-0,83.4663507498541
332.698137979465,19.9478032566897,299.675793711193,-0,83.4648071620656
332.695960165752,20.0844858663797,299.675793711193,-0,83.4632510488036
332.693808210959,20.2180062207494,299.675793711193,-0,83.4616839277764
332.57428237881,32.043509220534,299.675793711193,-0,83.4592457105537
332.570013578304,32.3401217437992,299.675793711193,-0,83.4567464698091
332.685025864341,20.7528127538279,299.675793711193,-0,83.4550950511444
332.682572520803,20.9137266874808,299.675793711193,-0,83.4534755339463
332.71995433763,17.105721894869,299.675793711193,-0,83.4521360924783
332.718341616319,17.1974572773068,299.675793711193,-0,83.4508021818529
332.716988971936,17.2628929971623,299.675793711193,-0,83.4494627080545
332.715702366872,17.3214702901955,299.675793711193,-0,83.4481183903759
332.674514760053,21.3547020608724,299.675793711193,-0,83.4464778488613
332.673025959162,21.4170029877033,299.675793711193,-0,83.444817219951
332.866900850265,2.01654726159363,299.690960491357,-0,83.4446003747894
332.866514689156,2.04697572715704,299.690960491357,-0,83.4444433357361
332.828245548035,5.85083950655289,299.690960491357,-0,83.4440012330906
332.828202602529,5.83144957791806,299.690960491357,-0,83.4435469718695
332.751908486054,13.4077602673517,299.690960491357,-0,83.4425285271543
332.751609802923,13.3833315347031,299.690960491357,-0,83.4414871647313
332.751273851898,13.3627432231073,299.690960491357,-0,83.440448004371
332.750898458342,13.3461746114251,299.690960491357,-0,83.4394103136206
332.864450667557,1.98061308486794,299.695984884108,-0,83.4392225555207
332.864324057734,1.98526489189969,299.695984884108,-0,83.4390689569139
332.827084673953,5.68676266859608,299.695984884108,-0,83.4386385975022
332.827193467625,5.65289637498873,299.695984884108,-0,83.4381977648623
332.827313068945,5.6181043769989,299.695984884108,-0,83.4377599099426
332.827484683874,5.57827251106508,299.695984884108,-0,83.4373251560183
332.753460512442,12.9294972496419,299.695984884108,-0,83.4363434444487
332.753178570876,12.9053372277,299.695984884108,-0,83.435339474611
332.676912418239,20.4506159377595,299.695984884108,-0,83.4337797663204
332.675825715106,20.4764181865114,299.695984884108,-0,83.4321907423913
332.556565235989,32.2743092442315,299.695984884108,-0,83.4297333946983
332.552619104076,32.5377116466817,299.695984884108,-0,83.4272176207376
332.745881936841,13.1548025257023,299.695984884108,-0,83.4261319445228
332.744835330833,13.2060784571744,299.695984884108,-0,83.4251084334145
332.876862069131,-0,299.77834409212,-1.92275275378704,83.4252157215241
332.876862069131,-0,299.84869227261,-1.86557845547094,83.4253634901789
332.745101452948,13.1400036334042,299.698631416959,-0,83.424357414073
332.744845513581,13.1123652051551,299.698631416959,-0,83.4233368611613
332.875939207185,-0,299.91132150076,-5.69193439254163,83.423724903694
332.875939207185,-0,300.121293421001,-5.62761345752001,83.42416593328
332.679386874134,19.5791847735183,299.796681445247,9.31122732746503,83.4220294698778
332.592982471597,28.1160707410708,299.694085810517,-0,83.4198267602866
332.51030335275,36.2392659602166,299.694085810517,-0,83.4170526161058
332.505627496338,36.5593397320162,299.694085810517,-0,83.4142250558081
332.540811589882,32.9073734106081,299.694085810517,-0,83.4116651330555
332.536109764702,33.2433397457996,299.694085810517,-0,83.4090927137316
332.868458564533,-0,299.939508775592,-6.0320060400968,83.4094447299011
332.868458564533,-0,300.160699710835,-5.88098629708103,83.4099093423971
332.868458564533,-0,301.19393600845,-28.3656002632393,83.4120745774894
332.868458564533,-0,302.22964298509,-27.565487328318,83.4142501047549
332.868458564533,-0,304.322051136224,-56.3025506149787,83.4186386060989
332.868458564533,-0,306.338685848175,-53.0617331028864,83.4228749643353
332.868458564533,-0,308.143418079595,-47.5326082103426,83.4266667537053
332.868458564533,-0,309.858937968479,-45.2430122848073,83.4302704555747
332.868458564533,-0,312.573352409801,-71.2680504525176,83.4359659850389
332.868458564533,-0,315.080643515721,-64.4907673020456,83.4412336707128
332.868458564533,-0,317.368767348566,-58.498538900265,83.4460408553495
332.868458564533,-0,319.393992136716,-50.7670276588082,83.4502962399321
332.868458564533,-0,321.145034154163,-44.3237558482453,83.4539754611501
332.868458564533,-0,322.622485581316,-36.9723320262505,83.4570802441337
332.868458564533,-0,323.829354113935,-29.691760840553,83.4596166915608
332.868458564533,-0,324.767962118308,-22.4667134175636,83.4615896845833
332.868458564533,-0,325.440076356334,-15.2824957725956,83.4630029372481
332.868458564533,-0,325.846930515232,-8.12493132445085,83.4638590438426
332.868458564533,-0,325.98923548491,-0.979617377717898,83.4641595006439
332.815299349357,5.30650214993185,325.951278800451,2.32209439632883,83.4638999737165
332.86827807155,0.00721538910073763,325.946422558379,0.00315797861949568,83.4638621551843
332.867229155825,0.111896610462756,325.945577693099,0.0489740570310151,83.463856359209
332.868347811098,-0,325.945459250299,-2.75544984951886e-05,83.4638555039725
332.868347811098,-0,325.945459947887,-1.09438520997006e-05,83.4638555054413
332.868347811098,-0,325.945460213644,-3.92757962096627e-06,83.463855506001
332.868347811098,-0,325.945460310676,-1.65800431584818e-06,83.4638555062053
332.80530821959,6.28486529937695,325.86892076756,2.7508302081053,83.4633294057517
332.783151684279,8.47009688444313,325.747301959004,3.70841600016396,83.4624911271374
332.636848402133,23.0198426056942,325.4246666112,10.084062275379,83.4602705222812
332.571328094493,29.4663290830961,325.002274087277,12.9226297385101,83.4573613030226
332.865991385324,-0,323.263025631903,51.9917262496629,83.453716826548
332.865991385324,-0,321.179248563648,60.1541967228159,83.4493419445962
332.865991385324,-0,318.741886326913,69.8121093999772,83.4442247361344
332.865991385324,-0,315.941914205035,79.7378564935861,83.4383459770259
332.865991385324,-0,312.768455564182,89.9803862704996,83.4316828332099
332.865991385324,-0,309.208708742692,100.594765474159,83.4242084287252
332.865991385324,-0,306.425388643735,76.3323603395116,83.4183571524021
332.865991385324,-0,303.494523395926,82.2408285699649,83.4122025909228
332.865991385324,-0,301.823360758667,44.2535153128597,83.4086842318208
332.865991385324,-0,300.156675307284,45.7345075498277,83.4051839259154
332.338877255596,52.5518145499493,299.675893370696,-0,83.4011056847897
332.319530925159,54.2699741843883,299.675893370696,-0,83.3969576903399
332.403240388419,45.7138980577998,299.675893370696,-0,83.3934105791249
332.389712941415,46.8786005601164,299.675893370696,-0,83.3898079368344
332.44671794258,41.0118154573083,299.675893370696,-0,83.3866223616197
332.435210882909,41.9940621642218,299.675893370696,-0,83.3833953507427
332.387016604266,46.6272870023707,299.675893370696,-0,83.3798286945372
332.376204387861,47.5174912005096,299.675893370696,-0,83.376170097808
332.163347176327,68.5332070433862,299.675893370696,-0,83.3709991102212
332.141261943394,70.4596530347815,299.675893370696,-0,83.3655975273899
331.982545377739,85.9911934937533,299.675893370696,-0,83.3590853581451
331.951974841091,88.6939003517289,299.675893370696,-0,83.3523016638658
332.189599758147,64.6664015957696,299.675893370696,-0,83.3472289425004
332.172737353967,66.0866916537357,299.675893370696,-0,83.3421387086835
332.422749498822,40.9157257442046,299.675893370696,-0,83.3388899872304
332.417627133711,41.261117283191,299.675893370696,-0,83.3356971061605
332.545111123073,28.3957133697703,299.675893370696,-0,83.3334581317203
332.541743489487,28.6166914932958,299.675893370696,-0,83.3312426017609
332.627029394794,20.0056057727797,299.675893370696,-0,83.329664133928
332.625266097188,20.1004794260165,299.675893370696,-0,83.3281055994037
332.667478735876,15.8143170860116,299.675893370696,-0,83.3268639057972
332.666411810543,15.8566782095285,299.675893370696,-0,83.3256330937172
332.665390976411,15.8942641646163,299.675893370696,-0,83.3243991367438
332.664568615217,15.9118955054302,299.675893370696,-0,83.3231631586494
332.823657183231,-0,300.365788106113,-18.9554705998559,83.3245498943383
332.823657183231,-0,301.062574154321,-18.6500676471456,83.3260134590542
332.773539436282,4.99126919033809,301.010823149276,2.36482025938891,83.3255170777775
332.773783772209,4.94660334927953,300.923500456925,2.34434110959928,83.3249466042686
332.803262117784,1.99007008938708,300.886091576878,0.94335707694995,83.3247013125993
332.803547141227,1.95356707131379,300.851547363733,0.926160491474186,83.3244756953329
332.82307818163,-0,300.90082999816,-1.38001214990015,83.3245698428526
332.82307818163,-0,300.952390477582,-1.39706376586666,83.3246781344062
332.80444635369,1.85588074366714,300.9228400459,0.879642716069315,83.3244768741682
332.804732841186,1.81976545529274,300.890606296925,0.862618119155443,83.3242663289954
332.822927394849,-0,301.090507943472,-5.61044264045366,83.3246788425915
332.822927394849,-0,301.298010822384,-5.58454444333533,83.3251146778948
332.80570560554,1.71516946782036,301.278516520403,0.81199244117376,83.3249410401428
332.806037494954,1.67508545752521,301.248785518718,0.793095033439971,83.3247466845298
332.822785462128,-0,301.44680306345,-5.57462077755677,83.3251556723782
332.822785462128,-0,301.652982907205,-5.55073318875488,83.3255887283979
332.822785462128,-0,302.807389877989,-31.7798210300527,83.3280076442666
332.822785462128,-0,303.967758846897,-30.938682394685,83.3304450149127
332.822785462128,-0,306.046639427475,-55.8341876276233,83.3348059454428
332.822785462128,-0,308.047442562716,-52.8891128878025,83.3390089869418
332.822756944333,-0,308.31534317191,-4.84094603210875,83.3395276472917
332.822756944333,-0,308.493669199962,-4.87779618751015,83.3399021871105
332.743157267536,7.9288509687981,308.368976985289,3.66663863080201,83.3390468901471
332.743628963632,7.84963430784178,308.233970446403,3.63160085322654,83.3381502593592
332.672789751147,14.874460051276,307.984570002804,6.88566003111175,83.3364966642496
332.671949012795,14.898101462252,307.729672722542,6.90229882383512,83.3348052673089
332.570739777357,24.9203273882517,307.312574882482,11.5576251076932,83.3320422849289
332.566525170284,25.239993040861,306.882305810437,11.7221393920709,83.329191483015
332.613662245817,20.4427687797894,306.529057945032,9.50653088399669,83.3268516163673
332.610432737805,20.6822263594347,306.175268352643,9.62890227748253,83.3245116271797
332.784024137942,3.30613924378509,306.113389940512,1.5403623112659,83.3240557559086
332.783471260165,3.34793237755468,306.056129958116,1.56012329884881,83.3236773955765
332.734141276909,8.24820827574165,305.917027330698,3.8447873083626,83.3227598884933
332.733658671983,8.26291328749106,305.774563920891,3.8534324351463,83.3218188995239
332.683281873651,13.2477564221517,305.549900787653,6.18169952415448,83.3203370239187
332.682387800176,13.2832959693106,305.320935805394,6.20291624447345,83.3188259093898
332.80502703442,1.01208643943796,305.305546324639,0.472819717546485,83.3186529865878
332.804809291153,1.0297401331866,305.288016640789,0.481094270496202,83.3185373646719
332.732035124691,8.27475501291778,305.149825598989,3.86683629082049,83.3176281923993
332.731853400062,8.25933913836781,305.006876857093,3.86143920605122,83.3166856001824
332.731645819301,8.24656655758725,304.864108626636,3.85727085384213,83.3157444991272
332.731389972332,8.238659956864,304.721442998545,3.85537381585712,83.3148043754108
332.526153032107,28.6502394958449,304.242681310644,13.4197057745981,83.3116569300361
332.520831642411,29.0650954633332,303.742099350188,13.6362338125444,83.3083628714195
332.811482597045,-0,302.483585933554,33.6289181033767,83.3057239283835
332.811482597045,-0,301.229432116964,34.1106610563946,83.3030898662113
332.563800521579,24.669205556005,300.805016274713,11.6884272863711,83.3003004773041
332.559812004219,24.967290600023,300.370044966582,11.8466383148735,83.2974602007001
332.666112222404,14.2774244625197,300.111895556086,6.78252168536676,83.2957726646699
332.664395694821,14.390819091816,299.859850891481,6.84209991242334,83.2941294279934
332.560993360647,24.6485925428658,299.693995296383,-0,83.2922030239268
332.558463513047,24.8011299902488,299.693995296383,-0,83.2902826461521
332.515246710091,29.006230840334,299.693995296383,-0,83.288053947413
332.511833179951,29.2293238832832,299.693995296383,-0,83.2857932281903
332.629075516154,17.4321222811159,299.693995296383,-0,83.2843983879056
332.627462324751,17.5224040596509,299.693995296383,-0,83.2830404922883
332.70498205875,9.72939723436169,299.693995296383,-0,83.2822561465485
332.704273990751,9.76057545919265,299.693995296383,-0,83.2814986665378
332.801858523949,-0,299.908492221378,-5.78883842921531,83.2819073542408
332.801858523949,-0,300.121550673815,-5.7059584242101,83.2823548707062
332.801858523949,-0,300.879264200308,-20.8018311131168,83.2839430295268
332.801858523949,-0,301.641733425838,-20.4035253853286,83.2855445725665
332.80184704642,-0,301.736661242934,-1.62040276979471,83.2857261324721
332.80184704642,-0,301.796795248431,-1.66444306467628,83.2858524255561
332.80184704642,-0,301.991786386575,-5.39226653489159,83.2862611591352
332.80184704642,-0,302.191354103274,-5.38687976457654,83.2866803232889
332.789431241171,1.23638812702752,302.179781593727,0.583554526689993,83.2865580763281
332.789794460818,1.19510842170197,302.158487965883,0.564111721243625,83.2864185843861
332.801743256332,-0,302.223221846705,-1.84222846250409,83.2865496464588
332.801743256332,-0,302.291809997814,-1.85770274080855,83.2866937025068
332.801743256332,-0,302.485838435915,-5.3423339085757,83.2871004673702
332.801743256332,-0,302.683044353791,-5.31059139318211,83.2875146766848
332.801743256332,-0,302.756457768175,-1.86989596575785,83.2876696249197
332.801743256332,-0,302.82568950891,-1.88196243329245,83.287815033481
332.801743256332,-0,303.707824639971,-24.3657160433006,83.2896629027305
332.801743256332,-0,304.597152787543,-23.6877742834189,83.291530955774
332.801743256332,-0,307.242611622422,-69.8054858783384,83.2970772506831
332.801743256332,-0,309.716273629583,-63.3344209983807,83.3022742362165
332.801743256332,-0,312.134097228871,-62.36931804798,83.3073527346556
332.801743256332,-0,314.289566046717,-54.7675457890524,83.3118816494536
332.801743256332,-0,316.16662252162,-47.6684890802339,83.3158256894337
332.801743256332,-0,317.764857392302,-40.17948367735,83.3191841906306
332.801743256332,-0,319.087619931623,-32.7712397018947,83.3219640845482
332.801743256332,-0,320.137569382027,-25.4271066295081,83.3241709601876
332.801743256332,-0,320.916770361833,-18.1313993610671,83.3258091574169
332.801743256332,-0,321.42671994874,-10.8690631147535,83.3268818239294
332.801743256332,-0,321.668366702368,-3.62542969532278,83.3273909552512
332.777083847721,2.46242718579436,321.675209256147,1.09174533113716,83.3273391996538
332.801283649989,0.0416729323103253,321.677246154226,0.0184774445424627,83.3273284477517
332.794839859723,0.684730982503457,321.671886184571,0.303603443806608,83.3272920029996
332.801685289591,-0,321.671160869648,-6.82774509736055e-05,83.3272868196457
332.801685289591,-0,321.671162639292,-2.92080876404626e-05,83.3272868233712
332.801685289591,-0,321.671163313736,-1.05200660454399e-05,83.3272868247918
332.801685289591,-0,321.671163555102,-4.1491268391771e-06,83.3272868253002
332.801685289591,-0,321.671163634584,-1.33136187392248e-06,83.3272868254678
332.801685289591,-0,321.671163657962,-2.40630107465041e-07,83.3272868255171
332.801685289591,-0,321.671163660863,-9.66969647900189e-09,83.3272868255232
332.801685288259,1.32750907419652e-07,321.671163658928,5.88618760452666e-08,83.3272868255101
332.801685287234,2.34683296911402e-07,321.671163656676,1.04058792525445e-07,83.3272868254947
332.801685288097,1.4768159577021e-07,321.67116365372,6.54821571731327e-08,83.3272868254744
332.801685287449,2.11680819148637e-07,321.671163650543,9.38594724538696e-08,83.3272868254529
332.801685288275,1.28370710433495e-07,321.671163647945,5.69196926221464e-08,83.3272868254351
332.801685287805,1.74649372235351e-07,321.671163644691,7.74396943882553e-08,83.3272868254128
332.801685286997,2.54730752191699e-07,321.671163641927,1.12947852881791e-07,83.3272868253937
332.80168528767,1.86603597443298e-07,321.671163638892,8.27402089859188e-08,83.3272868253729
332.801685288483,1.04795830187383e-07,321.671163636802,4.6466568755567e-08,83.3272868253585
332.801685289446,8.35650934646911e-09,321.671163636521,3.70528403097183e-09,83.327286825354
332.801685289528,-0,321.67116363908,-1.28885864081861e-07,83.3272868253564
332.801685289525,-0,321.671163640886,-2.48991849739119e-07,83.3272868253555
332.801685289523,-0,321.671163641919,-1.86319030322978e-07,83.3272868253524
332.801685289154,3.65656865256372e-08,321.671163643269,1.62132594776846e-08,83.3272868253493
332.80168528742,2.09591294366726e-07,321.671163646249,9.29329752197919e-08,83.3272868253492
332.801685287058,2.45556150962827e-07,321.671163650106,1.08879826145201e-07,83.3272868253532
332.801685288735,7.76430171718308e-08,321.671163654997,3.44269861611123e-08,83.3272868253589
332.801685289507,-0,321.671163660333,-2.97590810300235e-07,83.3272868253621
332.801685289505,-0,321.67116366326,-3.51529092115359e-07,83.3272868253628
332.801685289499,-0,321.671163664977,-3.74017007835023e-07,83.3272868253554
332.801685289494,-0,321.671163668197,-4.56542309887575e-07,83.3272868253527
332.801685289489,-0,321.67116367008,-3.52885895621168e-07,83.3272868253469
332.801685288908,5.7527510817061e-08,321.671163672456,2.55077518985739e-08,83.3272868253411
332.801685289478,6.45392026377307e-14,321.67116367465,2.86167425849839e-14,83.3272868253363
332.801685289478,-0,321.67116367465,-4.03921381826056e-15,83.3272868253363
332.801685289478,-0,321.67116367465,-3.15991894151868e-15,83.3272868253363
332.801685289478,-0,321.67116367465,-1.73103488620792e-15,83.3272868253363
332.801685289478,-0,321.67116367465,-1.03585953799193e-15,83.3272868253363
332.801685289478,-0,321.67116367465,-6.20501265310755e-16,83.3272868253363
332.801685289478,-0,321.67116367465,-3.711890147718e-16,83.3272868253363
332.801685289478,-0,321.67116367465,-2.21830195346806e-16,83.3272868253363
332.801685289478,-0,321.67116367465,-1.32344478513638e-16,83.3272868253363
332.801685289478,-0,321.67116367465,-7.87311715023266e-17,83.3272868253363
332.801685289478,-0,321.67116367465,-4.66111045853163e-17,83.3272868253363
332.801685289478,-0,321.67116367465,-2.73689039447825e-17,83.3272868253363
332.801685289478,-0,321.67116367465,-1.58426078557021e-17,83.3272868253363
332.801685289478,-0,321.67116367465,-8.93937643943162e-18,83.3272868253363
332.801685289478,-0,321.67116367465,-4.80609925257276e-18,83.3272868253363
332.801685289478,-0,321.67116367465,-2.33246213793133e-18,83.3272868253363
332.801685289478,-0,321.67116367465,-8.53205938905534e-19,83.3272868253363
332.801685289478,2.04791289650541e-20,321.67116367465,9.08046486485454e-21,83.3272868253363
332.801685289478,3.76715171133784e-19,321.67116367465,1.67035857890988e-19,83.3272868253363
332.801685289478,5.88255673338824e-19,321.67116367465,2.60833113674883e-19,83.3272868253363
332.801685289478,7.13109781764171e-19,321.67116367465,3.16193541685455e-19,83.3272868253363
332.801685289478,7.8603442678711e-19,321.67116367465,3.48528397237308e-19,83.3272868253363
332.801685289478,8.27854652316932e-19,321.67116367465,3.67071524203882e-19,83.3272868253363
332.801685289478,8.510480202677e-19,321.67116367465,3.77355485164036e-19,83.3272868253363
332.801685289478,8.63090583086415e-19,321.67116367465,3.82695168738701e-19,83.3272868253363
332.801685289478,8.68461670124842e-19,321.67116367465,3.85076713736134e-19,83.3272868253363
332.801685289478,8.69845082671383e-19,321.67116367465,3.85690120148287e-19,83.3272868253363
332.801685289478,8.68848806974225e-19,321.67116367465,3.85248370575872e-19,83.3272868253363
332.777739893771,2.38749729263961,321.642636990231,1.05863366609783,83.3270925339454
332.766064312436,3.54297808668909,321.593846311301,1.57116362231138,83.3267593212161
332.645616400467,15.5348250904865,321.379622509617,6.89110892770369,83.3252985744323
332.599783973682,20.0466203420772,321.090888943642,8.89940775841761,83.3233269713471
332.800250177103,-0,319.58244374078,45.6538589940082,83.3201667562905
332.800250177103,-0,317.73541912731,54.4650793867781,83.3162892806219
332.800250177103,-0,315.540950331209,63.1978167325671,83.3116820317641
332.800250177103,-0,312.984743196332,73.0862651819306,83.3063152573951
332.800250177103,-0,310.056906820638,83.2664766298565,83.3001679937782
332.800250177103,-0,306.745606136238,93.791322708668,83.2932153946608
332.800250177103,-0,303.248350188808,98.7392145350915,83.285871001355
331.821103072278,97.8908526140947,299.66957900857,-0,83.2778766787586
332.282870005745,51.4994545374348,299.66957900857,-0,83.2737732258046
332.260661289417,53.5072268342748,299.66957900857,-0,83.2697008058052
332.240532923956,55.2986100340445,299.66957900857,-0,83.2654691070561
332.217004358437,57.4213766676008,299.66957900857,-0,83.2610727735178
332.080892894582,70.7523003746412,299.66957900857,-0,83.2557191017778
332.051492880948,73.3985810363801,299.66957900857,-0,83.2501081973033
332.247381492549,53.5902923709477,299.66957900857,-0,83.2459169377555
332.230652369522,55.0422420008789,299.66957900857,-0,83.2416967289934
332.291517349731,48.7580050166022,299.66957900857,-0,83.237920392376
332.279445614148,49.7647360867078,299.66957900857,-0,83.2340927315083
332.345510746,42.9831982587958,299.66957900857,-0,83.2307507035995
332.336964854686,43.6614229910673,299.66957900857,-0,83.2273833315306
332.328038338628,44.37468534505,299.66957900857,-0,83.223958450182
332.318591080057,45.1369113501157,299.66957900857,-0,83.2204744351238
332.265907712272,50.2034323855886,299.66957900857,-0,83.2166219676066
332.255215848519,51.0664646052363,299.66957900857,-0,83.2126870067956
332.499667990248,26.5094146108312,299.66957900857,-0,83.2105524806361
332.496947569344,26.673217142085,299.66957900857,-0,83.2084866850418
332.363830761833,39.8259823309185,299.66957900857,-0,83.2054538804182
332.358595888381,40.1865223840516,299.66957900857,-0,83.2023443339726
332.396226619739,36.2754270755069,299.66957900857,-0,83.1995197823062
332.391109455944,36.6385339137507,299.66957900857,-0,83.1966841916078
332.430503907463,32.5659747164548,299.66957900857,-0,83.1941444113994
332.426054808825,32.8774321954492,299.66957900857,-0,83.1915983122102
332.727790961153,2.68514764388493,299.693818293214,-0,83.1912930476993
332.726820011017,2.771201839991,299.693818293214,-0,83.1910824108572
332.754527275937,-0,299.903936001593,-5.81167140208836,83.1915133902466
332.754527275937,-0,300.117367008514,-5.7175866174699,83.191961691664
332.754527275937,-0,300.327408631886,-5.64413376810126,83.1924028696526
332.754527275937,-0,300.535393443588,-5.59953504940228,83.1928397212839
332.648981293203,10.5135054427798,300.364491775675,4.99002863697225,83.1916991267645
332.648992963293,10.469586171182,300.180128390664,4.97223552678702,83.1904962886765
332.753668350125,-0,300.681040933835,-14.0206687505298,83.191505159758
332.753668350125,-0,301.197567740789,-13.8616277998376,83.1925900840707
332.753668350125,-0,303.218525845506,-54.9955166336959,83.1968257982037
332.753668350125,-0,305.213402093077,-52.9326908796667,83.2010161977912
332.753668350125,-0,307.340516768213,-56.4647838719826,83.2054831188372
332.753668350125,-0,309.378039774129,-53.6747615806723,83.2097632511058
332.753668350125,-0,310.214238434516,-21.2973799023852,83.2115266603501
332.753668350125,-0,310.991890417098,-20.8346763612268,83.2131601066764
332.753668350125,-0,311.642681471081,-17.3150995517989,83.2145277699837
332.753668350125,-0,312.278066741245,-17.0263475757243,83.2158623676434
332.753668350125,-0,314.52491970441,-59.8891576395939,83.2205721621883
332.753668350125,-0,316.661994860963,-55.3383581596729,83.2250617751513
332.753668350125,-0,318.897545337367,-58.1005699412017,83.2297566185523
332.753668350125,-0,320.929884359527,-51.6580060678258,83.2340266630749
332.753668350125,-0,322.566577771919,-41.9430610547459,83.2374664286639
332.753668350125,-0,324.027669560002,-37.6272932918453,83.2405361853371
332.753668350125,-0,324.597646312869,-14.2776616540553,83.2417384557311
332.753668350125,-0,325.110288503831,-13.4979159549727,83.2428153570007
332.753666537921,-0,325.229755996126,-2.80686354795604,83.243065166856
332.753666537921,-0,325.33293067716,-2.79002048771664,83.2432818739638
332.753666537921,-0,325.488396472718,-4.20971416831053,83.2436080961365
332.753666537921,-0,325.642505160754,-4.11581090690657,83.2439317996084
332.753666537921,-0,325.74305993472,-2.64214971965771,83.2441433232455
332.753666537921,-0,325.839848452384,-2.58905643955104,83.2443466250899
332.753666537921,-0,325.886998926481,-1.2156956744786,83.2444459587788
332.753666537921,-0,325.931710506886,-1.20380382617412,83.2445398715588
332.753666537921,-0,325.975964546252,-1.18981682464942,83.2446328237995
332.753666537921,-0,326.0195871633,-1.1714718567932,83.2447244507845
332.734556279815,1.9035408545722,325.991334474252,0.832676770889063,83.2445227567546
332.734697983945,1.88166006431609,325.960699384171,0.823183058440949,83.2443113175711
332.705513714091,4.78115016129589,325.885318663278,2.09193706128633,83.2437920081562
332.704959440836,4.81703148348111,325.807630837164,2.10813656090076,83.2432559612332
332.704434495506,4.84983520299505,325.729349612547,2.12299907101211,83.2427159080941
332.703787629375,4.89465687967469,325.650357331891,2.14313507272674,83.2421710439407
332.752708346888,0.001010432978571,325.653954113731,0.00044248236353233,83.2421480890762
332.752580255816,0.0137958133411869,325.653904029236,0.00604137315239646,83.2421475324813
332.733985798289,1.86591945688934,325.624697061193,0.817137353681087,83.2419466846635
332.733987555839,1.85815361942565,325.594506571015,0.813812066495414,83.2417384810478
332.75256584637,-0,325.721876764031,-3.51885580798584,83.2419988625329
332.75256584637,-0,325.849586178778,-3.38118224849678,83.2422671277619
332.75256584637,-0,326.116631581739,-7.13193827897192,83.2428271958223
332.75256584637,-0,326.37055329002,-6.61535394335624,83.2433606346621
332.75256584637,-0,326.84253802959,-11.9063486798339,83.2443508104576
332.75256584637,-0,327.232994738979,-9.44733358035319,83.2451714469016
332.75256584637,-0,327.355887658827,-3.01653139048959,83.2454309749287
332.75256584637,-0,327.462240081636,-2.75230004810213,83.2456544106365
332.75256584637,-0,327.656193320948,-4.6233039143378,83.2460613711839
332.75256584637,-0,327.800782834606,-3.13142677055464,83.2463653873814
332.75256584637,-0,327.892529542275,-1.78779064549668,83.2465583824607
332.75256584637,-0,327.928913300202,-0.381883033291071,83.2466351093604
332.752035363652,0.0530368943217876,327.936098094567,0.023063919198943,83.2466500716784
332.745668199902,0.688484031594915,327.931056216745,0.299396646603737,83.246615329949
332.752378453426,0.0172087143508712,327.930099393938,0.00748361644905567,83.2466084878668
332.752248191473,0.030136532064622,327.929710241782,0.0131055940014585,83.2466057950466
332.746985230408,0.554771906053773,327.923126994958,0.241256896312824,83.2465603370249
332.744337199395,0.816759254035952,327.911993445698,0.355197829337818,83.2464832630872
332.725379390889,2.70318562566247,327.874958765926,1.17564341215025,83.2462272073471
332.718000284745,3.42864017779676,327.825720699433,1.49134093611321,83.2458862436187
332.651691171144,10.0237639609471,327.68403544017,4.36098137671059,83.2449065954702
332.629543417478,12.192881184358,327.503482251198,5.30724649712136,83.2436566116321
332.45960073192,29.08227507114,327.088041972993,12.6681557088829,83.2407851454707
332.40583504249,34.328555889783,326.572031277961,14.9745472495611,83.2372166882828
332.749120601388,-0,324.639823981436,55.5333908220071,83.2331672562969
332.749120601388,-0,322.422888131244,64.2987128123638,83.2285128257994
332.749120601388,-0,320.137602430649,64.6451406640641,83.2237129913697
332.749120601388,-0,317.613588838714,71.4813568004763,83.2184131659572
332.749120601388,-0,316.317528743237,34.1299047070278,83.2156827945565
332.749120601388,-0,315.030190836358,35.5683685800059,83.2129792436938
332.749120601388,-0,314.313681527278,18.9164093478208,83.2114706707719
332.749120601388,-0,313.608243568209,19.2623353962163,83.2099890767146
332.437043286666,31.0865354895547,313.108373215172,14.1447665039264,83.2066264362621
332.420919508943,32.5693982179508,312.572719074563,14.844138610187,83.2030313640305
332.746613491123,-0,310.014428851297,71.9036695270626,83.1976705520271
332.746613491123,-0,307.264818263028,76.8814850592129,83.1918964856536
332.746613491123,-0,304.583242529292,74.1520257065433,83.1862636275433
332.746613491123,-0,301.766397051353,77.9233968621205,83.1803480796661
332.746613491123,-0,300.007757142865,46.9444756873802,83.1766475231706
332.310779575132,43.4399058815659,299.698947580073,-0,83.1732521597697
332.574645958533,16.980009802221,299.698947580073,-0,83.1718550968776
332.572910682873,17.0842078977815,299.698947580073,-0,83.1705329859874
332.604263044125,13.891931163717,299.698947580073,-0,83.1694452509407
332.60266194191,13.9951750256173,299.698947580073,-0,83.1683608635612
332.60147681493,14.0565114892807,299.698947580073,-0,83.1672705921552
332.600319540461,14.1148052409401,299.698947580073,-0,83.1661754365516
332.531345371273,20.9284157013078,299.698947580073,-0,83.1645774459133
332.529143605346,21.0630465013657,299.698947580073,-0,83.1629463458067
332.348417247281,38.9809304022667,299.698947580073,-0,83.1599958364592
332.34105119553,39.5574282561701,299.698947580073,-0,83.1569434135725
332.44407973296,29.1344193996917,299.698947580073,-0,83.1546528027479
332.439618439084,29.461007509663,299.698947580073,-0,83.1523740037192
332.321187004873,41.1393391626368,299.698947580073,-0,83.1492323990291
332.312133836929,41.8756576542075,299.698947580073,-0,83.1460112076286
332.342271971323,38.7044248995285,299.698947580073,-0,83.1430109142513
332.335428779627,39.2297482621275,299.698947580073,-0,83.13998076678
332.407126267652,31.9289446156109,299.698947580073,-0,83.1374832646749
332.401979857396,32.312433293052,299.698947580073,-0,83.1349840361013
332.632254946202,9.24346602833976,299.698947580073,-0,83.1341940358741
332.631232357341,9.3079516365594,299.698947580073,-0,83.1334742677543
332.630273679252,9.36571263825258,299.698947580073,-0,83.1327481553182
332.629614302684,9.39337553107101,299.698947580073,-0,83.132018853714
332.513484136666,20.9231624491013,299.698947580073,-0,83.1304330030378
332.51226370054,20.9598168975281,299.698947580073,-0,83.1288060609365
332.430973795746,28.9725343435519,299.698947580073,-0,83.1265907701363
332.428104881761,29.1409147370809,299.698947580073,-0,83.1243329468998
332.424752079356,29.3568089461564,299.698947580073,-0,83.1220585617073
332.421160271175,29.5956493212041,299.698947580073,-0,83.1197661047234
332.499233062045,21.6985600130057,299.698947580073,-0,83.1180553134642
332.496806590323,21.8523357803052,299.698947580073,-0,83.1163624664405
332.411944440078,30.2173283152865,299.698947580073,-0,83.1140534844794
332.408719766876,30.4161070706318,299.698947580073,-0,83.1116976459093
332.488702149652,22.3253577417768,299.698947580073,-0,83.1099357074553
332.486292620022,22.4748714347405,299.698947580073,-0,83.1081942461762
332.441848042052,26.8111644742562,299.698947580073,-0,83.1061343305013
332.439313343837,26.9549948498438,299.698947580073,-0,83.1040464218413
332.520917612088,18.7168784755143,299.698947580073,-0,83.1025670037501
332.519469296769,18.785183374178,299.698947580073,-0,83.1011097758411
332.55976206337,14.6952787020419,299.698947580073,-0,83.0999553228909
332.558825562846,14.7288737609952,299.698947580073,-0,83.0988118088319
332.557973720658,14.7538793084824,299.698947580073,-0,83.0976659674771
332.55721505002,14.7694870395532,299.698947580073,-0,83.0965186180288
332.59813928586,10.6328991279272,299.698947580073,-0,83.09567773825
332.597602561326,10.6431143520314,299.698947580073,-0,83.0948503360377
332.597263022173,10.6336428611112,299.698947580073,-0,83.0940235541466
332.597016222759,10.6149618883467,299.698947580073,-0,83.0931980145149
332.555641450011,14.6931810176306,299.698947580073,-0,83.0920698339758
332.555233031389,14.674095003935,299.698947580073,-0,83.0909289301455
332.677066633574,2.47854529503708,299.699091638481,-0,83.0906971731862
332.676953012305,2.47981072553565,299.699091638481,-0,83.0905049564416
332.59657886368,10.4758432575787,299.699091638481,-0,83.0897171448349
332.596632114925,10.4278542415442,299.699091638481,-0,83.0889049493566
332.700883950973,-0,299.765735976691,-1.59649782520331,83.0889937355908
332.700883950973,-0,299.825031065852,-1.58811340668472,83.089118278142
332.700883950973,-0,300.02949222874,-5.64328858271752,83.0895468303917
332.700883950973,-0,300.237713129635,-5.60809483255572,83.0899841758329
332.700883950973,-0,301.004856705151,-21.0678534584473,83.0915920613545
332.700883950973,-0,301.777783670703,-20.6906445638924,83.0932155647332
332.700883950973,-0,302.796279229015,-27.4731599920294,83.0953532801763
332.700883950973,-0,303.799091242573,-26.8302521971554,83.0974596819029
332.700883950973,-0,305.83139697208,-54.6258210550516,83.1017221531782
332.700883950973,-0,307.788634982574,-51.6059205877117,83.1058337088649
332.700883950973,-0,309.135890688187,-35.2101956309189,83.1086670167326
332.700883950973,-0,310.413165359921,-33.8713362601612,83.1113500398862
332.700883950973,-0,312.529210375119,-56.1940407112053,83.1157895927396
332.700883950973,-0,314.534087397602,-52.270960568563,83.1200014051773
332.700883950973,-0,315.621489021356,-27.9218699909197,83.1222906703151
332.700883950973,-0,316.628515973103,-26.5107581101568,83.1244060932592
332.700883950973,-0,317.928337946721,-34.4643076138286,83.1271344373015
332.700883950973,-0,319.155000841557,-32.2070501008405,83.1297113590443
332.700883950973,-0,320.917697183415,-45.0890941877996,83.1334108233139
332.700883950973,-0,322.452916835223,-38.2040171638777,83.136636837854
332.700883950973,-0,323.72349824153,-31.4353317919171,83.1393069927285
332.700883950973,-0,324.725397825371,-24.2019932490891,83.1414129223286
332.700883950973,-0,325.460563547842,-17.0128231388878,83.1429586065546
332.700883950973,-0,325.930351576559,-9.85362486132042,83.1439468969505
332.700883950973,-0,326.135597864785,-2.71038025141972,83.1443795523868
332.670083633794,3.0748642079452,326.124187414642,1.34424543997202,83.1442581017727
332.700593398324,0.0229134418099727,326.123325674751,0.010018097336567,83.1442374515703
332.696364426401,0.444978811714079,326.120010119859,0.194550944103546,83.1442146929028
332.700813009651,-0,326.119553882797,-5.14152839069011e-05,83.1442113983102
332.700813009651,-0,326.119555213226,-2.08490775532579e-05,83.1442114011113
332.700813009651,-0,326.119555721627,-7.98150178155099e-06,83.1442114021819
332.700813009651,-0,326.119555903931,-3.11047286789618e-06,83.1442114025659
332.700813009651,-0,326.119555965431,-9.26755163540885e-07,83.1442114026955
332.700813009651,-0,326.119555983171,-2.76766048847405e-07,83.1442114027329
332.700813008806,8.43926138033169e-08,326.119555986283,3.68981568379354e-08,83.144211402737
332.700813008891,7.55682081200004e-08,326.119555984975,3.30399482789316e-08,83.1442114027281
332.700813007708,1.93417186620049e-07,326.119555983498,8.45659041172504e-08,83.144211402718
332.700813008424,1.21261629015025e-07,326.119555981102,5.30180356341783e-08,83.1442114027016
332.700813008893,7.40204148021053e-08,326.119555979633,3.23632217506481e-08,83.1442114026914
332.700813008221,1.40442246456711e-07,326.119555976829,6.14041893363996e-08,83.144211402672
332.700813008773,8.48741239522881e-08,326.119555975135,3.71086828105513e-08,83.1442114026602
332.700813007884,1.7321962162453e-07,326.119555972953,7.57351203891909e-08,83.144211402645
332.700813008555,1.05575846601425e-07,326.119555970923,4.61598944601541e-08,83.1442114026311
332.700813008998,6.09959045787597e-08,326.119555969719,2.66686425778891e-08,83.1442114026228
332.700813008834,7.72608756482491e-08,326.11955596958,3.37800167428817e-08,83.1442114026194
332.700813008934,6.71951106390113e-08,326.119555970723,2.93790607907739e-08,83.1442114026204
332.70081300917,4.35168722205105e-08,326.119555971587,1.90264562738293e-08,83.1442114026208
332.700813009365,2.38672584221179e-08,326.119555972211,1.04352478836929e-08,83.144211402621
332.700813009511,9.30364588581615e-09,326.11955597265,4.06774206418841e-09,83.1442114026212
332.700813009603,-0,326.119555972967,-5.26947701179551e-10,83.1442114026211
332.700813009603,-0,326.119555973212,-8.59618189358028e-09,83.1442114026211
332.700813009603,-0,326.119555973383,-1.2105906918248e-08,83.1442114026211
332.700813009603,-0,326.119555973505,-1.25105508350058e-08,83.144211402621
332.700813009603,-0,326.119555973591,-1.10671791672318e-08,83.144211402621
332.700813009603,-0,326.11955597365,-8.74993322334731e-09,83.1442114026209
332.700813009603,-0,326.119555973693,-6.23872108238892e-09,83.144211402621
332.700813009603,-0,326.119555973732,-3.95224751612651e-09,83.1442114026211
332.700813009603,-0,326.119555973762,-2.10217308253114e-09,83.1442114026212
332.631776237812,6.88257164352587,326.035609005714,3.00932917777185,83.1436339628866
332.604918970818,9.53492825779473,325.903223155791,4.17043751960228,83.1427209090509
332.465276673527,23.4163895578109,325.574430185283,10.2477627628485,83.1404560710525
332.411476631145,28.6887135013482,325.146856841323,12.5695099060382,83.1375087898478
332.698363766159,-0,323.386432800979,52.1841212039233,83.133819956686
332.698363766159,-0,321.281653029835,60.6873977273805,83.1294010362983
332.698363766159,-0,318.823079355204,70.3524923793501,83.1242392778691
332.698363766159,-0,316.001567354316,80.2877616828865,83.1183152794634
332.698363766159,-0,312.806148308507,90.5423468244552,83.1116060136516
332.698363766159,-0,309.223918806209,101.17159978262,83.1040843908243
332.698363766159,-0,305.239778462228,112.238740660396,83.0957187086725
332.698363766159,-0,300.836100808128,123.816883305435,83.0864719613853
331.779116061543,91.674649010999,299.660025599328,-0,83.0792138392118
331.727587718017,96.442950631258,299.660025599328,-0,83.071895574404
331.90421945073,78.4618273399362,299.660025599328,-0,83.0658453370801
331.873229506277,81.2343699519638,299.660025599328,-0,83.059634123242
332.384702118206,29.9562408914022,299.660025599328,-0,83.0571444031467
332.381199590044,30.1838012524778,299.660025599328,-0,83.0548103365132
332.682959846526,-0,299.897996393615,-5.91594534475865,83.0551609460554
332.682959846526,-0,300.114713239899,-5.75203444500944,83.0556161642031
332.682959846526,-0,300.324219073899,-5.57734721356788,83.0560562390297
332.682959846526,-0,300.528772941647,-5.47508314867573,83.0564858970995
332.682959846526,-0,303.004536004384,-66.9518105218793,83.061672404768
332.682959846526,-0,305.37439233023,-61.5165697209565,83.0666511345586
332.682959846526,-0,308.21621370216,-73.9487263438937,83.07261724265
332.682959846526,-0,310.810781824814,-67.1397496536319,83.0780682479538
332.682959846526,-0,313.116407088565,-58.2431857357388,83.0829128282896
332.682959846526,-0,315.138153060594,-51.5793104688055,83.0871606721512
332.682959846526,-0,316.878995773501,-44.0397405616507,83.0908187114677
332.682959846526,-0,318.342670296138,-36.5898137714624,83.0938945796535
332.682959846526,-0,319.532156582882,-29.2124265772491,83.0963945394177
332.682959846526,-0,320.44982207843,-21.8914666640921,83.0983235667647
332.682959846526,-0,321.097453137775,-14.6115643352718,83.0996854170418
332.682959846526,-0,321.476278359384,-7.35788118397574,83.1004826739931
332.682959846526,-0,321.58697224369,-0.114726169976665,83.1007167577477
332.622236779359,6.06013916411966,321.537822225682,2.68671963504169,83.1003826741238
332.682797441295,0.00238392464376369,321.531390126123,0.0010571161509556,83.1003364449954
332.682532776543,0.028794991449489,321.531166371244,0.0127687119723306,83.1003349235584
332.682820644321,-0,321.531135196321,-1.93902081489074e-05,83.1003346990295
332.682820644321,-0,321.531135670928,-8.29636118752316e-06,83.1003347000288
332.682820644321,-0,321.531135850544,-3.10656986763096e-06,83.1003347004072
332.682820644321,-0,321.531135915397,-1.12282509592414e-06,83.1003347005438
332.682820644321,-0,321.531135938794,-4.04474120053092e-07,83.1003347005931
332.682820644321,-0,321.531135947204,-1.45008156140006e-07,83.1003347006108
332.682820644321,-0,321.531135950206,-5.1564177082115e-08,83.1003347006172
332.682820644321,-0,321.531135951267,-1.80773408605207e-08,83.1003347006194
332.682820644036,2.83833932788802e-08,321.531135950713,1.25862069858952e-08,83.1003347006157
332.682820644136,1.82500268307585e-08,321.531135950353,8.09271157023047e-09,83.1003347006132
332.682820644204,1.14119294489959e-08,321.531135950125,5.06045576519241e-09,83.1003347006118
332.682820644248,7.02609364867932e-09,321.531135949983,3.11562004218225e-09,83.1003347006106
332.682820644275,4.28731881784032e-09,321.531135949897,1.90114978592748e-09,83.1003347006102
332.682820644292,2.60245839790338e-09,321.531135949845,1.15402269723262e-09,83.1003347006101
332.682820644302,1.57483384285453e-09,321.531135949813,6.98337387636466e-10,83.10033470061
332.682820644318,-0,321.531135949832,-1.85254460379248e-09,83.1003347006101
332.682820644318,-0,321.531135949845,-2.77926119955137e-10,83.1003347006101
332.682820644318,-0,321.531135949849,-8.56184460238559e-11,83.1003347006101
332.682120603653,0.0698039933540318,321.530329180223,0.030953585904256,83.1003292068833
332.681632935313,0.11818354390084,321.528771518673,0.0524069825021637,83.1003185726195
332.650462433652,3.22506300783252,321.487780377904,1.43015679439737,83.1000393009475
332.639320624388,4.3235896050777,321.424851340085,1.91760829341759,83.099609443089
332.583739149186,9.84668137102836,321.283766065595,4.36838563295919,83.0986467942985
332.562048700525,11.9708770018392,321.103420222842,5.31338925987753,83.0974150691608
332.429509487191,25.1336580040812,320.736347384471,11.1639825738133,83.094911703784
332.384784832158,29.493906272517,320.284446506747,13.1173971046365,83.0918284792532
332.679723894883,-0,318.255631425304,59.1706715420843,83.0875773407711
332.679723894883,-0,315.884775983631,69.1636550431118,83.0825998935938
332.679723894883,-0,314.087196430733,49.5850308693721,83.0788200484233
332.679723894883,-0,312.165358485004,53.7242154545028,83.0747844143463
332.679723894883,-0,311.186798801386,25.5366027104037,83.072722914663
332.679723894883,-0,310.22746072811,26.3359617963508,83.0707081397014
332.623774679993,5.5702721917362,310.12735664028,2.56041545278409,83.0700238301553
332.623074448899,5.61748310693936,310.032382122817,2.58290130339251,83.0693904568697
332.679235588236,-0,310.100586151814,-1.84012462990543,83.0695066980505
332.679235588236,-0,310.167480967368,-1.76614647392663,83.0696472170969
332.609076738013,6.98862496462667,310.055620664319,3.21296589224012,83.0688948690836
332.608424852219,7.02518002273209,309.936386895193,3.23100782078868,83.068099829454
332.592925092592,8.54069271745701,309.79275395225,3.92965112475315,83.0671428184173
332.591840392712,8.61414377984953,309.64681020218,3.96530141059711,83.0661702493667
332.634895631859,4.29039875609146,309.571047047767,1.97572461926562,83.0656641307733
332.634653081772,4.29711990572215,309.497923075661,1.97928525054287,83.065177065617
332.494162060401,18.2746856821922,309.198865313799,8.42190870926411,83.0631898113998
332.488419404385,18.7732366073123,308.882727705553,8.66036662080488,83.0610858996294
332.37369330859,30.1270694274803,308.385808834611,13.9154704028437,83.0577845039136
332.357328581769,31.637596896685,307.858586271829,14.6375790178823,83.0542822575887
332.673704550736,-0,306.009825303191,51.2519534622315,83.0504072280476
332.673704550736,-0,304.068721321283,53.530641713112,83.0463307207332
332.673704550736,-0,301.907783895764,59.9177659194329,83.0417933856006
332.105071001105,56.8587076733702,299.68656960426,-0,83.0370265435399
332.24539313079,42.6514041094983,299.68656960426,-0,83.0336971223969
332.233095889648,43.7044171576923,299.68656960426,-0,83.0303371245589
332.147989471897,52.0070429804149,299.68656960426,-0,83.0263821985611
332.131592648822,53.431060601311,299.68656960426,-0,83.0222821987736
332.394254158262,27.0500125771609,299.68656960426,-0,83.0200980361063
332.389406717105,27.4234063635735,299.68656960426,-0,83.0179813923179
332.454531517488,20.8248141283153,299.68656960426,-0,83.0163445617275
332.451335382219,21.0587855956937,299.68656960426,-0,83.0147167236666
332.551387008916,11.0071446539703,299.68656960426,-0,83.0138333131678
332.550461296245,11.0546432901121,299.68656960426,-0,83.0129766353646
332.648986281001,1.19493412847348,299.693748275475,-0,83.0128546638768
332.648570029384,1.2316204359616,299.693748275475,-0,83.0127607942287
332.648293924597,1.25414394719745,299.693748275475,-0,83.0126641096796
332.648217723102,1.25662738530709,299.693748275475,-0,83.0125664798814
332.451336018518,20.862730000241,299.693748275475,-0,83.0110067023905
332.449537540945,20.957029725277,299.693748275475,-0,83.0093808352797
332.447821615438,21.0427425949365,299.693748275475,-0,83.007748721218
332.445732714644,21.1652885811605,299.693748275475,-0,83.0061078378607
332.477982439499,17.8667603864733,299.693748275475,-0,83.0047100298281
332.476340251855,17.9577152307256,299.693748275475,-0,83.0033178077892
332.577203569805,7.83759420976453,299.693748275475,-0,83.0026757305608
332.576690002517,7.85687966507329,299.693748275475,-0,83.0020663066482
332.609597269231,4.54698529085302,299.693748275475,-0,83.0017020823724
332.609379952476,4.55011012632121,299.693748275475,-0,83.0013485182777
332.609266276403,4.54288093519018,299.693748275475,-0,83.0009951476293
332.609265259473,4.52444563471806,299.693748275475,-0,83.0006429160013
332.543554290355,11.0513012728369,299.693748275475,-0,82.9998022737682
332.543273932012,11.0341675369465,299.693748275475,-0,82.9989440080785
332.576307088052,7.69867543002216,299.693748275475,-0,82.9983326327671
332.576081152277,7.68977320359112,299.693748275475,-0,82.9977341988443
332.652967890195,-0,300.802174551748,-30.5706078545451,83.0000346983371
332.652967890195,-0,301.914677942863,-29.5718706391226,83.0023715688343
332.652967890195,-0,302.237602558824,-7.98515046684735,83.0030545557904
332.652967890195,-0,302.530469486473,-7.89260762562928,83.003669700472
332.64504541792,0.788547859201721,302.532400617729,0.371586524104455,83.0036052785638
332.645486803932,0.741269789408124,302.519019579457,0.349323736088046,83.0035175180255
332.498960534635,15.3337489449627,302.261899332963,7.22887605004379,83.0018361728661
332.497536857064,15.4132083943065,301.993498211752,7.27276209874607,83.0000772151297
332.54008247668,11.1124613976293,301.796491674403,5.2475636759596,82.9987855118303
332.538986195782,11.1764810811489,301.601607887609,5.28118924579174,82.9975096896579
332.538055194663,11.2237622765048,301.40570272644,5.30696123304925,82.9962277370436
332.536912199836,11.2920042362843,301.208652187695,5.34270230280253,82.9949388638907
332.649805805511,-0,301.40071280508,-5.29097288230535,82.9952897047463
332.649805805511,-0,301.594995386683,-5.18394406259564,82.9956977905171
332.649805805511,-0,303.271109385716,-45.4328037665657,82.9992094036992
332.649805805511,-0,304.898925147784,-42.2602102752377,83.0026290893115
332.649805805511,-0,306.407590306139,-39.5011711522316,83.0057984257736
332.649805805511,-0,307.820789952295,-37.1166632303215,83.0087671687284
332.649805805511,-0,309.444225206519,-42.2394314352882,83.0121758357841
332.649805805511,-0,310.932344051014,-38.2955275896743,83.0153022773654
332.649805805511,-0,312.472681507179,-39.2414989117681,83.0185373249274
332.649805805511,-0,313.807294731607,-33.0314504152172,83.0213418469003
332.649805805511,-0,314.600230478252,-19.8247404387663,83.0230101874126
332.649805805511,-0,315.288029273006,-17.5219776961119,83.0244553134326
332.649805805511,-0,315.883380543659,-15.0771962467402,83.0257062979931
332.649805805511,-0,316.384687374091,-12.5395707360534,83.0267597762271
332.649805805511,-0,316.792225310651,-10.0083610217824,83.0276163051269
332.649805805511,-0,317.106203767894,-7.48210287026852,83.028276324858
332.649805805511,-0,317.290252000101,-4.3113610069996,83.0286635862817
332.649805805511,-0,317.425788893079,-2.93947904437399,83.0289485624686
332.649805805511,-0,317.506374082715,-1.30211667282762,83.0291181787725
332.6442677203,0.553463023689759,317.519767698683,0.2484968288355,83.0291400862102
332.649589740793,0.0211232611812212,317.522313391657,0.00948411991508437,83.0291427644284
332.646381252045,0.341343890603924,317.519746996443,0.153259493971437,83.0291254702602
332.649793763936,-0,317.519387565583,-4.7288635862227e-05,83.0291229205982
332.649793763936,-0,317.519388780353,-1.92062622578573e-05,83.0291229231558
332.649793763936,-0,317.519389248976,-6.69760199232208e-06,83.0291229241428
332.649793763936,-0,317.519389414296,-2.38070653445471e-06,83.0291229244909
332.649793763936,-0,317.519389471469,-8.28264382476773e-07,83.0291229246114
332.649793763936,-0,317.519389488324,-1.50214019263828e-07,83.0291229246469
332.649793763936,-0,317.519389492242,-9.80692064386738e-09,83.0291229246552
332.649793762595,1.33775658512412e-07,317.519389491389,6.00644244379418e-08,83.0291229246469
332.649793763001,9.28412510919294e-08,317.519389490364,4.16851344480045e-08,83.0291229246398
332.649793763338,5.88905652297353e-08,317.519389489177,2.64414912601888e-08,83.0291229246317
332.649793762539,1.38319403200738e-07,317.519389487289,6.21045370611047e-08,83.0291229246189
332.649793763077,8.41123039577021e-08,317.519389485566,3.77658924026158e-08,83.0291229246071
332.649793763406,5.0944500645425e-08,317.519389484522,2.28737585271226e-08,83.0291229246
332.649793762742,1.16746581373423e-07,317.5193894821,5.24184765261296e-08,83.0291229245839
332.633010481309,1.67337520809475,317.49919602392,0.75134344679845,83.0289865783996
332.624833333527,2.48239285920181,317.46383569796,1.11468719694173,83.0287471623957
332.646265847254,0.337280205859838,317.456561456995,0.151464990074892,83.028696312629
332.646247720309,0.337716343600047,317.450969924409,0.151663512765847,83.0286584169735
332.646214482702,0.339653752211565,317.445338437377,0.152536265276425,83.0286202514719
332.646188133768,0.340895993305284,317.439681294853,0.153096863565469,83.0285819123435
332.646166695479,0.341643375313208,317.434008663342,0.153435245732372,83.0285434685578
332.646148234044,0.342090800653633,317.428326721918,0.153638930126106,83.0285049620563
332.646131552979,0.342358828295219,317.422639162794,0.153762053297004,83.0284664179014
332.646115938223,0.342519409539705,317.416948197187,0.153836925258711,83.0284278511025
332.631367329286,1.81073821774912,317.389896508986,0.81329511627932,83.0282449933544
332.62842223178,2.09728628331133,317.357536771179,0.942085932068128,83.0280258016529
332.588048574358,6.11199377178666,317.265286766019,2.74591712042292,83.0274019891738
332.576752034573,7.21406042852829,317.153114998603,3.2420717308783,83.0266424126883
332.589017402952,5.96400870955392,317.057571756437,2.68119590473968,83.0259949003237
332.582737772096,6.56630267645351,316.953153021299,2.95287969210187,83.0252880092585
332.576041357917,7.20755941777462,316.837652513903,3.24236824685577,83.0245062650507
332.568998550722,7.8807025459811,316.710907275991,3.54652725843652,83.0236486168599
332.535155338216,11.2215357955335,316.533711264508,5.05228675253347,83.0224506654334
332.524134506271,12.2755254993666,316.337768835173,5.53005979255264,83.0211256445579
332.468638888711,17.7565112914994,316.058029294132,8.00491258215953,83.0192360060815
332.451197373095,19.4246419208998,315.747864357529,8.76505842973055,83.0171407093534
332.645443792304,-0,314.403929289048,38.2077551160077,83.0143244215371
332.645443792304,-0,312.920874481578,42.1612137663589,83.0112103469441
332.645443792304,-0,312.374176413662,13.7718129787183,83.0100558655729
332.645443792304,-0,311.860295782503,14.0740510895729,83.0089766002576
332.645424972158,-0,312.23091172256,-10.1848153638593,83.0097139607554
332.645424972158,-0,312.597662310499,-9.64282283491766,83.0104843858206
332.645424972158,-0,312.942164632912,-8.97108110016571,83.0112081100735
332.645424972158,-0,313.264736255246,-8.42061228988652,83.0118857455024
332.645424972158,-0,313.526607925971,-6.83844809126063,83.0124361156053
332.645424972158,-0,313.772391662736,-6.47271294578208,83.0129524287604
332.497862047527,14.6997494893588,313.546988290182,6.68055517381389,83.0114078878026
332.488826567099,15.5414015381652,313.292463955282,7.06859775674247,83.0096977358253
332.3403292084,30.2743233681214,312.811139257328,13.7842888977171,83.0064695816174
332.31164431781,33.013321990889,312.27743717862,15.0557341109029,83.0028895792844
332.641777537719,-0,309.56871975129,78.1966442005265,82.9972141495502
332.641777537719,-0,306.531751405641,85.5150900212826,82.9908370429387
332.641777537719,-0,303.163244998225,95.5092406512134,82.983764175215
331.700769206992,94.0777572023436,299.695126965805,-0,82.976020716829
331.794701245392,84.3451515034076,299.695126965805,-0,82.96957537086
331.734387910298,90.0193298468243,299.695126965805,-0,82.9627938315407
332.046220814671,58.5938829481306,299.695126965805,-0,82.958196400616
332.026378900801,60.3345592733046,299.695126965805,-0,82.9535736263951
332.253592526136,37.4570302666148,299.695126965805,-0,82.9506092738623
332.246152307295,38.046362584472,299.695126965805,-0,82.9476731390001
332.379442589865,24.6144116006443,299.695126965805,-0,82.945719682122
332.375533129977,24.9039326855196,299.695126965805,-0,82.943794732554
332.224726290018,39.825443510025,299.695126965805,-0,82.9407739328588
332.217767752769,40.3572999135422,299.695126965805,-0,82.937661781758
332.284193269525,33.576769802899,299.695126965805,-0,82.9350435454485
332.278252951466,34.0322654900378,299.695126965805,-0,82.9324148724296
332.310728165244,30.6591066312239,299.695126965805,-0,82.9300310726715
332.305760172591,31.0294185922029,299.695126965805,-0,82.9276312699742
332.339635462916,27.5287792284796,299.695126965805,-0,82.925485367331
332.335539721555,27.8248476033584,299.695126965805,-0,82.9233320605067
332.485525647291,12.771363918226,299.695126965805,-0,82.9222907616862
332.484488704716,12.8226554434494,299.695126965805,-0,82.9212966894547
332.612685493574,-0,299.915153154921,-5.8168027466574,82.9217010834768
332.612685493574,-0,300.128798703195,-5.69628195928405,82.9221498413007
332.612685493574,-0,300.337529135271,-5.59467381460212,82.9225882714928
332.612685493574,-0,300.542910008776,-5.52190562352302,82.9230196601039
332.524899660677,8.74412249035771,300.402412277469,4.14816262473814,82.9220729800486
332.524977572864,8.70059205175697,300.249250891555,4.129618666798,82.9210733370965
332.524980577316,8.6647362901839,300.096801826305,4.11468957959143,82.9200786892113
332.524858905575,8.64146574487681,299.944781451291,4.10571732361414,82.9190871832906
332.524645044926,8.62748467125421,299.792988774336,4.10114751294192,82.9180975049312
332.487365154627,12.3143951717069,299.699363831536,-0,82.9171207775208
332.486932278735,12.3072480959247,299.699363831536,-0,82.9161641435743
332.486470854321,12.3029765855523,299.699363831536,-0,82.9152079218406
332.485992333302,12.3004266980416,299.699363831536,-0,82.9142519463185
332.485503572181,12.2989075436749,299.699363831536,-0,82.9132961176232
332.298518924673,30.8744028314643,299.699363831536,-0,82.9109638815734
332.294990553378,31.1002153971947,299.699363831536,-0,82.9085548572836
332.443107886266,16.219661616062,299.699363831536,-0,82.9072497260135
332.441949353891,16.2689969914136,299.699363831536,-0,82.9059882966901
332.325741027782,27.7783597405707,299.699363831536,-0,82.9038744834697
332.322934679702,27.944806229009,299.699363831536,-0,82.9017092178116
332.397241541527,20.4291106166718,299.699363831536,-0,82.9000973134431
332.395237772564,20.5454728811562,299.699363831536,-0,82.8985043258762
332.353715132519,24.5980816426776,299.699363831536,-0,82.8966148488127
332.351418676068,24.7266906145667,299.699363831536,-0,82.894699256687
332.308399341471,28.9114334660202,299.699363831536,-0,82.8924774932202
332.305056542383,29.1268667999803,299.699363831536,-0,82.8902244416067
332.382506883802,21.2932282942223,299.699363831536,-0,82.8885447810299
332.379982137158,21.458024840944,299.699363831536,-0,82.8868827378837
332.41820883163,17.5627928709683,299.699363831536,-0,82.8855072730076
332.41659241104,17.6521932492629,299.699363831536,-0,82.8841379296116
332.334100928064,25.797371280831,299.699363831536,-0,82.882167239438
332.331848348246,25.9166244994055,299.699363831536,-0,82.8801580711976
332.370499570858,21.9607927712093,299.699363831536,-0,82.8784388711197
332.368160776909,22.1042605137205,299.699363831536,-0,82.8767253776532
332.111653452427,47.5655703012976,299.699363831536,-0,82.8731356158722
332.10357140457,48.1775232277312,299.699363831536,-0,82.8694167208507
332.096364980598,48.6996173982881,299.699363831536,-0,82.8656546081531
332.0871441432,49.4202815129942,299.699363831536,-0,82.8618383936909
332.211191356504,36.8626097633295,299.699363831536,-0,82.8589407109691
332.205888279294,37.240794014539,299.699363831536,-0,82.856058871126
332.107572980043,46.8829028503603,299.699363831536,-0,82.8524707075297
332.101183337286,47.3288111521608,299.699363831536,-0,82.8488139692449
332.368732154962,20.4854171347628,299.699363831536,-0,82.8471375234339
332.366543165369,20.6200526391273,299.699363831536,-0,82.8455416061689
332.454182621017,11.8061604274043,299.699363831536,-0,82.844595661413
332.453137195155,11.8621457305471,299.699363831536,-0,82.8436760481053
332.571740450277,-0,300.708376236674,-27.9136673608331,82.8457547423734
332.571740450277,-0,301.731441179221,-27.2883968408717,82.8479036785675
332.571740450277,-0,305.857909924607,-109.918971321209,82.8565526176348
332.571740450277,-0,309.771555205747,-101.849935348149,82.8647744288687
332.571740450277,-0,313.376534474456,-94.0755167059522,82.8723478674558
332.571740450277,-0,316.680951584997,-86.0549587800655,82.8792900728709
332.571740450277,-0,319.692383121576,-78.2249954505571,82.8856168629169
332.571740450277,-0,322.417398254758,-70.5612462643935,82.8913420405245
332.571740450277,-0,324.861716022825,-63.0418699862296,82.8964776224886
332.571740450277,-0,327.030289688996,-55.647138968503,82.9010340167418
332.571740450277,-0,328.927377149277,-48.35905962746,82.9050201703189
332.571740450277,-0,330.556599014979,-41.1610659308312,82.908443691418
332.571740450277,-0,331.920986252794,-34.037757753626,82.9113109495189
332.571740450277,-0,333.023018851248,-26.974674463638,82.9136271566459
332.571740450277,-0,333.864656651112,-19.9580955286017,82.9153964321666
332.571740450277,-0,334.447363214111,-12.9748618224826,82.9166218529635
332.571740450277,-0,334.772123378901,-6.01221030528102,82.9173054903438
332.565073018467,0.666196442649407,334.84439036574,0.283569071599663,82.9174483019489
332.569927990413,0.180294943138017,334.857313339331,0.0767414278000272,82.9174677425106
332.555378465185,1.6319146094821,334.844457587582,0.694609696336543,82.917377756934
332.57169290533,-0,334.84272517002,-7.97881649792468e-05,82.9173650536392
332.57169290533,-0,334.842727342919,-3.40615033891238e-05,82.9173650582131
332.57169290533,-0,334.842728178569,-1.30124644032214e-05,82.9173650599729
332.57169290533,-0,334.842728488041,-5.36722836623354e-06,82.9173650606246
332.57169290533,-0,334.84272860096,-1.96812754551007e-06,82.9173650608625
332.57169290533,-0,334.842728642352,-7.23726008453164e-07,82.9173650609497
332.57169290533,-0,334.842728657661,-2.68938534094614e-07,82.917365060982
332.57169290533,-0,334.84272866339,-1.01401405817004e-07,82.917365060994
332.57169290533,-0,334.842728665574,-3.90945931169862e-08,82.9173650609986
332.57169290533,-0,334.842728666431,-1.55719818211392e-08,82.9173650610004
332.57169290533,-0,334.842728666779,-6.48522992523796e-09,82.9173650610012
332.57169290533,-0,334.842728666928,-2.8558022892347e-09,82.9173650610015
332.57169290533,-0,334.842728666995,-1.33876731271889e-09,82.9173650610016
332.57169290533,-0,334.842728667028,-6.67854199397565e-10,82.9173650610017
332.57169290533,-0,334.842728667046,-3.51910666716307e-10,82.9173650610017
332.57169290533,-0,334.842728667055,-1.93635608985512e-10,82.9173650610017
332.57169290533,-0,334.842728667078,-2.38574740362712e-09,82.9173650610018
332.57169290533,-0,334.842728667147,-1.51083179600394e-09,82.9173650610019
332.57169290533,-0,334.842728667188,-8.93967594569559e-10,82.917365061002
332.57169290533,-0,334.842728667212,-5.37492460882899e-10,82.9173650610021
332.57169290533,-0,334.842728667227,-3.23708252794718e-10,82.9173650610021
332.57169290533,-0,334.842728667236,-1.94925246104984e-10,82.9173650610021
332.57169290533,-0,334.842728667242,-1.17391002885306e-10,82.9173650610021
332.57169290533,-0,334.842728667245,-7.07027484815349e-11,82.9173650610021
332.57169290533,-0,334.842728667248,-4.2585834130599e-11,82.9173650610022
332.57169290533,-0,334.842728667248,-2.56531512703521e-11,82.9173650610022
332.57169290533,-0,334.842728667248,-1.5455115473496e-11,82.9173650610022
332.57169290533,-0,334.842728667248,-9.31214302423581e-12,82.9173650610022
332.57169290533,-0,334.842728667248,-5.61277750817347e-12,82.9173650610022
332.57169290533,-0,334.842728667248,-3.38493310931212e-12,82.9173650610022
332.57169290533,-0,334.842728667248,-2.04295116691246e-12,82.9173650610022
332.57169290533,-0,334.842728667248,-1.23466615101964e-12,82.9173650610022
332.57169290533,-0,334.842728667248,-7.47821218841068e-13,82.9173650610022
332.57169290533,-0,334.842728667248,-4.54576444336512e-13,82.9173650610022
332.57169290533,-0,334.842728667248,-2.77935587372904e-13,82.9173650610022
332.57169290533,-0,334.842728667248,-1.71524431344592e-13,82.9173650610022
332.57169290533,-0,334.842728667248,-1.07412219695997e-13,82.9173650610022
332.57169290533,-0,334.842728667248,-6.87764217959905e-14,82.9173650610022
332.57169290533,-0,334.842728667248,-4.54850312184503e-14,82.9173650610022
332.57169290533,-0,334.842728667248,-3.16908846974005e-14,82.9173650610022
332.57169290533,-0,334.842728667248,-2.295257147125e-14,82.9173650610022
332.57169290533,-0,334.842728667248,-1.78223262188317e-14,82.9173650610022
332.57169290533,-0,334.842728667248,-1.47115246763941e-14,82.9173650610022
332.57169290533,-0,334.842728667248,-1.25617809425956e-14,82.9173650610022
332.57169290533,-0,334.842728667248,-1.16555052205787e-14,82.9173650610022
332.57169290533,-0,334.842728667248,-1.09353124731107e-14,82.9173650610022
332.57169290533,-0,334.842728667248,-1.04810911103887e-14,82.9173650610022
332.57169290533,-0,334.842728667248,-1.01872753142143e-14,82.9173650610022
332.535093750342,3.64888002375107,334.800212163076,1.55322034974222,82.9170671068106
332.519486024356,5.19126968759918,334.72958128205,2.21012937066896,82.9165707585508
332.356336629007,21.4323295146042,334.445250817906,9.12781723945939,82.9145759463611
332.304447866022,26.5218514918099,334.063324323245,11.3063795624655,82.9118927365404
332.56966638094,-0,332.466426920907,47.7897129684005,82.9085466810833
332.56966638094,-0,330.538578182932,55.7682415987893,82.9044992636073
332.56966638094,-0,328.269561814171,65.077456010452,82.8997355647473
332.56966638094,-0,325.651462021093,74.6218273519082,82.8942387184437
332.56966638094,-0,324.014885473465,44.1927386557747,82.8907946587869
332.56966638094,-0,322.3254719821,46.8896062865807,82.8872468823983
332.56966638094,-0,320.41911485102,53.276692781932,82.8832442561517
332.56966638094,-0,318.383261357334,56.9314747550801,82.878969042836
332.56966638094,-0,316.411597333856,54.5387380471382,82.8748273248501
332.56966638094,-0,314.341467455356,57.6818522283839,82.8704800068391
332.56966638094,-0,312.376193897016,53.9888254076888,82.8663514261362
332.56966638094,-0,310.331114840459,56.3650982413161,82.8620565556805
332.56966638094,-0,308.548216450698,48.6300865688038,82.8583101416981
332.56966638094,-0,306.715297812636,50.3791986937961,82.8544607459119
332.56966638094,-0,305.310639417412,37.7658133953386,82.8515077009442
332.56966638094,-0,303.895813198861,38.6324559237757,82.8485362541034
332.56966638094,-0,302.183487384306,47.2969233825426,82.8449416615167
332.56966638094,-0,300.409405432703,48.640046983917,82.8412157546632
332.259971600712,30.9137147572611,299.685846262656,-0,82.8386293894121
332.253357497271,31.447097767441,299.685846262656,-0,82.8362050573108
332.389178182277,17.7895835708921,299.685846262656,-0,82.8347764719942
332.386789596376,17.9551132073562,299.685846262656,-0,82.8333880091547
332.349256600556,21.6207806258755,299.685846262656,-0,82.8317287725982
332.346768749788,21.7805721588677,299.685846262656,-0,82.8300438191234
332.564516163814,-0,299.788178697978,-2.20666898279905,82.8301478757841
332.564516163814,-0,299.868889861007,-2.12368283612532,82.8303174160337
332.564516163814,-0,299.945814421771,-2.03788912807915,82.8304790036911
332.564516163814,-0,300.020443437278,-1.99611046265742,82.8306357602435
332.564516163814,-0,300.214379673912,-5.33920692912951,82.8310423624687
332.564516163814,-0,300.410715114468,-5.27827286539366,82.8314547498695
332.564516163814,-0,300.721243986478,-8.44952843274843,82.8321062756326
332.564516163814,-0,301.031997871712,-8.3454114785933,82.8327589918045
332.564516163814,-0,301.225604023789,-5.08727439366858,82.833166347402
332.564516163814,-0,301.413068686129,-5.04968638241944,82.8335600979066
332.564516163814,-0,301.488247660933,-1.92761929070036,82.8337186846168
332.564516163814,-0,301.559671862981,-1.94114467718702,82.8338686978046
332.564516163814,-0,302.36913189863,-22.315783171642,82.8355643857973
332.564516163814,-0,303.181833502668,-21.6535415021964,82.8372714924864
332.564516163814,-0,303.870872993024,-18.2367791733626,82.8387194685413
332.564516163814,-0,304.536265598351,-17.7267108336498,82.8401171407474
332.564516163814,-0,305.182285511237,-17.2474419561386,82.84147411668
332.564516163814,-0,305.808893548661,-16.7250176913162,82.842790330248
332.564516163814,-0,306.416234326303,-16.2055226647051,82.8440660750962
332.564516163814,-0,307.004384875427,-15.6875889322647,82.8453015133174
332.564516163814,-0,307.948811027382,-25.198106441799,82.8472830588973
332.564516163814,-0,308.857447270124,-23.9773602623171,82.8491917847436
332.564516163814,-0,310.528397600638,-43.3549913102122,82.8526971263413
332.564516163814,-0,312.020335244355,-37.0515984538275,82.8558321058396
332.564516163814,-0,313.287271359308,-31.7766989317261,82.858494276945
332.564516163814,-0,314.326508499277,-25.6489150244146,82.8606783863697
332.564516163814,-0,315.093992006665,-18.2316453366472,82.8622919993924
332.564516163814,-0,315.676967377575,-13.5267459881457,82.8635174854819
332.564516163814,-0,316.053345850662,-7.79602052324266,82.8643092696361
332.564516163814,-0,316.260148241077,-3.24370412975126,82.8647446256342
332.558834080203,0.567913892573989,316.30170864204,0.255901245106981,82.8648271089677
332.52801715846,3.64119288172044,316.267391616887,1.64073734144009,82.8645960475373
332.564417694844,-0,316.262936239526,-7.34055455083098e-05,82.8645647608056
332.564417694844,-0,316.262938473975,-3.4596271408608e-05,82.8645647655073
332.564417694844,-0,316.262939328135,-1.42873884481694e-05,82.8645647673058
332.564417694844,-0,316.262939649943,-5.6521021788911e-06,82.8645647679836
332.564417694844,-0,316.262939767708,-2.05984582251866e-06,82.8645647682317
332.564417694844,-0,316.262939811294,-7.65851787789406e-07,82.8645647683235
332.564417694844,-0,316.262939827617,-2.88978128754454e-07,82.8645647683579
332.564417694844,-0,316.262939833844,-1.11516597605587e-07,82.8645647683711
332.564417694844,-0,316.262939836287,-4.44810943533351e-08,82.8645647683762
332.564417694844,-0,316.262939837285,-1.85603684361775e-08,82.8645647683783
